"year","month","id","below","normal","above"
2017,3,"58504f1a006cb93ed40eebdd",12.8552423097368,40.7413508487479,46.4034068415153
2017,3,"58504f1a006cb93ed40eebde",14.3984879741449,38.9008835708689,46.7006284549862
2017,3,"58504f1a006cb93ed40eebe1",15.8649534726849,20.8703736271152,63.2646729001999
2017,3,"58504f1a006cb93ed40eebdf",16.5751587947452,31.4565570980903,51.9682841071645
2017,3,"58504f1a006cb93ed40eebe0",15.0356865043006,37.6091809100504,47.355132585649
2017,3,"58504f1a006cb93ed40eebe2",10.5677213610021,58.5987816700658,30.8334969689321
2017,3,"58504f1a006cb93ed40eebe3",19.1140969255781,32.8816431671472,48.0042599072747
2017,3,"58504f1a006cb93ed40eebe4",12.4719073193788,35.692733552771,51.8353591278502
2017,3,"58504f1a006cb93ed40eebe5",15.9962930820468,34.6730534431807,49.3306534747725
2017,4,"58504f1a006cb93ed40eebdd",8.95101118034089,12.2958088319571,78.753179987702
2017,4,"58504f1a006cb93ed40eebde",20.5401693477153,19.7518175465872,59.7080131056975
2017,4,"58504f1a006cb93ed40eebe1",6.65765865950848,21.3408986733989,72.0014426670926
2017,4,"58504f1a006cb93ed40eebdf",26.97773323222,33.388810803224,39.6334559645559
2017,4,"58504f1a006cb93ed40eebe0",15.5653594551654,26.7936092277785,57.6410313170561
2017,4,"58504f1a006cb93ed40eebe2",6.52977490706065,40.7010957580063,52.769129334933
2017,4,"58504f1a006cb93ed40eebe3",10.5184538096904,25.8886300498259,63.5929161404837
2017,4,"58504f1a006cb93ed40eebe4",10.1242189979303,24.2157858372332,65.6599951648365
2017,4,"58504f1a006cb93ed40eebe5",12.6820742618473,37.6162887749231,49.7016369632295
2017,5,"58504f1a006cb93ed40eebdd",9.57520707116199,27.1983695888669,63.2264233399711
2017,5,"58504f1a006cb93ed40eebde",24.1873206740247,23.0272599019987,52.7854194239766
2017,5,"58504f1a006cb93ed40eebe1",7.27146354407208,25.28129406057,67.4472423953579
2017,5,"58504f1a006cb93ed40eebdf",52.9113927981102,19.7646300930394,27.3239771088504
2017,5,"58504f1a006cb93ed40eebe0",13.9247587486108,26.793270191544,59.2819710598451
2017,5,"58504f1a006cb93ed40eebe2",3.58141499550243,41.5966366445009,54.8219483599966
2017,5,"58504f1a006cb93ed40eebe3",11.9125853703914,21.899625232991,66.1877893966175
2017,5,"58504f1a006cb93ed40eebe4",21.3457797810908,21.9742538067531,56.6799664121561
2017,5,"58504f1a006cb93ed40eebe5",11.8579012909315,31.1393945652992,57.0027041437693
2017,6,"58504f1a006cb93ed40eebdd",29.5109694120883,33.2133206880451,37.2757098998666
2017,6,"58504f1a006cb93ed40eebde",66.0496475760602,19.7130032564736,14.2373491674662
2017,6,"58504f1a006cb93ed40eebe1",19.3988086440461,23.5460600151517,57.0551313408022
2017,6,"58504f1a006cb93ed40eebdf",76.4061293199997,14.4988913189426,9.09497936105764
2017,6,"58504f1a006cb93ed40eebe0",23.3740880802844,32.4966319558488,44.1292799638667
2017,6,"58504f1a006cb93ed40eebe2",18.4832366928186,32.8622977473634,48.6544655598181
2017,6,"58504f1a006cb93ed40eebe3",5.5987168834458,14.0795919420209,80.3216911745333
2017,6,"58504f1a006cb93ed40eebe4",43.2608623690119,23.0007543549293,33.7383832760589
2017,6,"58504f1a006cb93ed40eebe5",52.2948818636266,22.5001179625196,25.2050001738538
2017,7,"58504f1a006cb93ed40eebdd",54.563517734897,26.7219719425046,18.7145103225984
2017,7,"58504f1a006cb93ed40eebde",50.2981669866233,24.1504864465631,25.5513465668136
2017,7,"58504f1a006cb93ed40eebe1",53.5146857956323,24.9206802950634,21.5646339093044
2017,7,"58504f1a006cb93ed40eebdf",56.4592600817197,26.8654585071803,16.6752814110999
2017,7,"58504f1a006cb93ed40eebe0",61.5352220878141,24.6759191030765,13.7888588091094
2017,7,"58504f1a006cb93ed40eebe2",52.1210772043544,29.9546207025885,17.9243020930571
2017,7,"58504f1a006cb93ed40eebe3",45.8668192958217,33.9923327147366,20.1408479894417
2017,7,"58504f1a006cb93ed40eebe4",45.8818236937277,30.7634159198426,23.3547603864297
2017,7,"58504f1a006cb93ed40eebe5",57.5547520024428,25.2835146848817,17.1617333126755
2017,8,"58504f1a006cb93ed40eebdd",46.3065432785912,26.9730027315682,26.7204539898406
2017,8,"58504f1a006cb93ed40eebde",50.065624174162,17.0136738821758,32.9207019436623
2017,8,"58504f1a006cb93ed40eebe1",49.2777683565952,19.0202064756057,31.7020251677991
2017,8,"58504f1a006cb93ed40eebdf",46.2947431608856,35.1768398769128,18.5284169622016
2017,8,"58504f1a006cb93ed40eebe0",57.6182926651952,20.2251231013902,22.1565842334146
2017,8,"58504f1a006cb93ed40eebe2",53.5805059002166,22.2544127590794,24.165081340704
2017,8,"58504f1a006cb93ed40eebe3",43.0315689036924,33.8752296425751,23.0932014537326
2017,8,"58504f1a006cb93ed40eebe4",49.8974008381719,22.3620749342371,27.740524227591
2017,8,"58504f1a006cb93ed40eebe5",49.5320249035595,19.3781861476668,31.0897889487737
2017,3,"58504f4f006cb93ed40eebfd",23.7041052803374,36.696982943985,39.5989117756776
2017,3,"58504f4f006cb93ed40eebfe",28.177441026159,30.4207232444067,41.4018357294342
2017,3,"58504f4f006cb93ed40eebff",27.6633516420553,22.0360534972728,50.3005948606719
2017,3,"58504f4f006cb93ed40eec00",21.965648657685,28.0452264329155,49.9891249093995
2017,3,"58504f4f006cb93ed40eec02",17.4055145948882,38.5990941970184,43.9953912080934
2017,3,"58504f4f006cb93ed40eec07",19.7715450669163,36.9289097466532,43.2995451864304
2017,3,"58504f4f006cb93ed40eec0d",18.4439773131837,32.3151967067772,49.2408259800392
2017,3,"58504f4f006cb93ed40eec11",22.5411271745381,33.0277994739612,44.4310733515007
2017,3,"58504f4f006cb93ed40eec16",21.8519935533265,37.3370605818333,40.8109458648401
2017,3,"58504f4f006cb93ed40eec01",24.1263936951448,37.0495328130591,38.8240734917961
2017,3,"58504f4f006cb93ed40eec03",19.3253805385805,31.8888917194243,48.7857277419952
2017,3,"58504f4f006cb93ed40eec15",21.7413649349975,28.267379556023,49.9912555089795
2017,3,"58504f4f006cb93ed40eec04",22.9692868971469,30.616205708726,46.4145073941271
2017,3,"58504f4f006cb93ed40eec05",17.9337186255786,41.5680799499056,40.4982014245158
2017,3,"58504f4f006cb93ed40eec06",24.5316322035997,19.1644761572318,56.3038916391684
2017,3,"58504f4f006cb93ed40eec10",17.0638851336083,38.6353029275015,44.3008119388901
2017,3,"58504f4f006cb93ed40eec08",22.005206156074,29.4694030440004,48.5253907999256
2017,3,"58504f4f006cb93ed40eec09",28.8008617686767,29.0130513826086,42.1860868487146
2017,3,"58504f4f006cb93ed40eec0a",18.5826281231368,30.5603816201728,50.8569902566903
2017,3,"58504f4f006cb93ed40eec0c",18.8601066928049,34.5239420113993,46.6159512957958
2017,3,"58504f4f006cb93ed40eec0b",14.4193577350434,40.1151362577477,45.4655060072089
2017,3,"58504f4f006cb93ed40eec12",15.2958204486423,37.7734362933695,46.9307432579881
2017,3,"58504f4f006cb93ed40eec0e",19.0508592298255,36.4951417620077,44.4539990081668
2017,3,"58504f4f006cb93ed40eec0f",16.8055897034623,34.7939674875446,48.4004428089931
2017,3,"58504f4f006cb93ed40eec13",20.2683495113777,26.7723354896563,52.959314998966
2017,3,"58504f4f006cb93ed40eec14",19.6872769845768,37.0107169684115,43.3020060470117
2017,3,"58504f4f006cb93ed40eec17",22.3424488620504,34.7862638039619,42.8712873339877
2017,3,"58504f4f006cb93ed40eec18",25.8651208182739,31.5273788154389,42.6075003662872
2017,3,"58504f4f006cb93ed40eec19",19.8746208889148,40.9232443563613,39.202134754724
2017,3,"58504f4f006cb93ed40eec1c",25.757334669945,26.8552237222679,47.3874416077871
2017,3,"58504f4f006cb93ed40eec1d",22.1571307688367,25.9353197077395,51.9075495234238
2017,3,"58504f4f006cb93ed40eec1a",21.1729759384788,31.3683912590779,47.4586328024433
2017,3,"58504f4f006cb93ed40eec1b",23.8012782281407,19.3917558767193,56.80696589514
2017,3,"58504f4f006cb93ed40eec1e",14.664418220365,49.7500922476301,35.5854895320049
2017,4,"58504f4f006cb93ed40eebfd",23.0520752362759,19.491261832643,57.456662931081
2017,4,"58504f4f006cb93ed40eebfe",14.1010635777008,32.4655200386292,53.4334163836699
2017,4,"58504f4f006cb93ed40eebff",19.4171254175383,35.4804827412274,45.1023918412342
2017,4,"58504f4f006cb93ed40eec00",20.3987626071035,31.7771067666367,47.8241306262599
2017,4,"58504f4f006cb93ed40eec02",16.5608469115314,35.155903477134,48.2832496113347
2017,4,"58504f4f006cb93ed40eec07",12.4451326454444,42.9978979874425,44.5569693671131
2017,4,"58504f4f006cb93ed40eec0d",13.8010431816246,31.2143778162909,54.9845790020845
2017,4,"58504f4f006cb93ed40eec11",12.6124481980207,29.3556067603704,58.0319450416089
2017,4,"58504f4f006cb93ed40eec16",11.6443520464051,41.3477999038852,47.0078480497097
2017,4,"58504f4f006cb93ed40eec01",19.4636517438076,35.74996092143,44.7863873347624
2017,4,"58504f4f006cb93ed40eec03",18.9364283180211,15.791444374537,65.2721273074419
2017,4,"58504f4f006cb93ed40eec15",13.8263056793627,28.0842911629513,58.089403157686
2017,4,"58504f4f006cb93ed40eec04",26.8570356736489,23.8949606786372,49.2480036477139
2017,4,"58504f4f006cb93ed40eec05",23.9473487184875,18.3728547233373,57.6797965581753
2017,4,"58504f4f006cb93ed40eec06",16.4469533659258,37.2229199444722,46.330126689602
2017,4,"58504f4f006cb93ed40eec10",15.4940053019488,32.646275672,51.8597190260512
2017,4,"58504f4f006cb93ed40eec08",19.9665783153747,23.6036489409017,56.4297727437236
2017,4,"58504f4f006cb93ed40eec09",14.2803569592279,36.9904816502153,48.7291613905568
2017,4,"58504f4f006cb93ed40eec0a",16.2919760362101,34.0928898280207,49.6151341357692
2017,4,"58504f4f006cb93ed40eec0c",19.1063827260589,28.661511235402,52.2321060385391
2017,4,"58504f4f006cb93ed40eec0b",11.5875419802818,40.3574179630283,48.0550400566899
2017,4,"58504f4f006cb93ed40eec12",13.6227048829802,31.7008741344485,54.6764209825713
2017,4,"58504f4f006cb93ed40eec0e",11.4007692065625,36.9296650868451,51.6695657065924
2017,4,"58504f4f006cb93ed40eec0f",16.4101824339112,36.6809428476206,46.9088747184682
2017,4,"58504f4f006cb93ed40eec13",21.4075955792369,23.6669836958486,54.9254207249144
2017,4,"58504f4f006cb93ed40eec14",18.8901275769155,22.2550358191401,58.8548366039444
2017,4,"58504f4f006cb93ed40eec17",18.1415356636636,40.3256948576165,41.5327694787199
2017,4,"58504f4f006cb93ed40eec18",30.9153159577618,28.0520198799418,41.0326641622964
2017,4,"58504f4f006cb93ed40eec19",13.9538526172044,33.5954189684493,52.4507284143463
2017,4,"58504f4f006cb93ed40eec1c",23.6114930656254,25.2254528859047,51.1630540484699
2017,4,"58504f4f006cb93ed40eec1d",13.0381161312789,33.3748424455787,53.5870414231425
2017,4,"58504f4f006cb93ed40eec1a",20.3185130688037,29.8761325757427,49.8053543554536
2017,4,"58504f4f006cb93ed40eec1b",29.0134568217351,18.7556540605934,52.2308891176715
2017,4,"58504f4f006cb93ed40eec1e",20.7646567327444,25.2788596003246,53.956483666931
2017,5,"58504f4f006cb93ed40eebfd",24.5882875549229,16.842657657548,58.5690547875291
2017,5,"58504f4f006cb93ed40eebfe",16.9001402845925,36.7351003875038,46.3647593279036
2017,5,"58504f4f006cb93ed40eebff",26.4539207701088,32.5756667097384,40.9704125201528
2017,5,"58504f4f006cb93ed40eec00",20.3783282802366,31.8691570115817,47.7525147081817
2017,5,"58504f4f006cb93ed40eec02",16.6002569071021,48.790730707491,34.6090123854069
2017,5,"58504f4f006cb93ed40eec07",18.3912412076693,23.7018553996684,57.9069033926622
2017,5,"58504f4f006cb93ed40eec0d",14.1709439065509,42.8849735973716,42.9440824960775
2017,5,"58504f4f006cb93ed40eec11",14.936301430553,25.9732893642804,59.0904092051666
2017,5,"58504f4f006cb93ed40eec16",17.0576602558134,30.0367186920479,52.9056210521387
2017,5,"58504f4f006cb93ed40eec01",26.0646626012655,36.6033562776679,37.3319811210666
2017,5,"58504f4f006cb93ed40eec03",20.2244466560708,26.2461438955013,53.5294094484279
2017,5,"58504f4f006cb93ed40eec15",22.2035222776354,23.0886981232229,54.7077795991417
2017,5,"58504f4f006cb93ed40eec04",22.4850349396539,25.1267773209268,52.3881877394193
2017,5,"58504f4f006cb93ed40eec05",24.2049138843955,18.9633633451768,56.8317227704276
2017,5,"58504f4f006cb93ed40eec06",20.1691602260358,31.1018450082323,48.728994765732
2017,5,"58504f4f006cb93ed40eec10",18.0564552412491,28.6016087993739,53.341935959377
2017,5,"58504f4f006cb93ed40eec08",19.0767344983675,35.6611708097615,45.262094691871
2017,5,"58504f4f006cb93ed40eec09",27.3072834835254,26.8272937027451,45.8654228137295
2017,5,"58504f4f006cb93ed40eec0a",16.1208707798243,37.395250855267,46.4838783649087
2017,5,"58504f4f006cb93ed40eec0c",21.2659798943586,28.7529410690348,49.9810790366066
2017,5,"58504f4f006cb93ed40eec0b",19.3190676805252,28.8041907125792,51.8767416068955
2017,5,"58504f4f006cb93ed40eec12",16.3821092995127,36.2098684352126,47.4080222652747
2017,5,"58504f4f006cb93ed40eec0e",23.7451487289559,26.5912320551598,49.6636192158843
2017,5,"58504f4f006cb93ed40eec0f",26.0963741533257,36.4799475072474,37.423678339427
2017,5,"58504f4f006cb93ed40eec13",22.321051776376,33.5508406816273,44.1281075419967
2017,5,"58504f4f006cb93ed40eec14",22.4337579519486,29.3628923893609,48.2033496586905
2017,5,"58504f4f006cb93ed40eec17",21.1554250465658,41.4543230873487,37.3902518660855
2017,5,"58504f4f006cb93ed40eec18",25.999403908568,26.4325546054942,47.5680414859378
2017,5,"58504f4f006cb93ed40eec19",23.4306914904628,25.2575647972975,51.3117437122397
2017,5,"58504f4f006cb93ed40eec1c",28.3138251356343,24.7867311976687,46.899443666697
2017,5,"58504f4f006cb93ed40eec1d",26.0114289902321,24.8876777160764,49.1008932936916
2017,5,"58504f4f006cb93ed40eec1a",29.6846037072699,28.6668664781662,41.648529814564
2017,5,"58504f4f006cb93ed40eec1b",22.3707900624152,24.8099653763799,52.8192445612049
2017,5,"58504f4f006cb93ed40eec1e",25.711323255596,24.9395607654329,49.3491159789712
2017,6,"58504f4f006cb93ed40eebfd",26.3573596945933,19.4205734282115,54.2220668771952
2017,6,"58504f4f006cb93ed40eebfe",18.2259162459933,38.4934336682289,43.2806500857778
2017,6,"58504f4f006cb93ed40eebff",22.6740219363388,23.5918376178667,53.7341404457945
2017,6,"58504f4f006cb93ed40eec00",19.5338944512926,36.0810607845576,44.3850447641498
2017,6,"58504f4f006cb93ed40eec02",21.261775420668,41.6009657884313,37.1372587909007
2017,6,"58504f4f006cb93ed40eec07",19.3572807143759,27.5505064764246,53.0922128091995
2017,6,"58504f4f006cb93ed40eec0d",15.7276678595422,41.1270737712592,43.1452583691986
2017,6,"58504f4f006cb93ed40eec11",20.3335734283661,27.4081434981737,52.2582830734602
2017,6,"58504f4f006cb93ed40eec16",17.5261994115058,28.607212778238,53.8665878102563
2017,6,"58504f4f006cb93ed40eec01",13.2699661564685,34.8188978207986,51.9111360227329
2017,6,"58504f4f006cb93ed40eec03",27.9203114867359,20.2198096017628,51.8598789115013
2017,6,"58504f4f006cb93ed40eec15",29.3217630635375,16.0619832799631,54.6162536564994
2017,6,"58504f4f006cb93ed40eec04",18.7602675378142,31.3794187203583,49.8603137418275
2017,6,"58504f4f006cb93ed40eec05",14.4159663697091,30.2169092961073,55.3671243341836
2017,6,"58504f4f006cb93ed40eec06",22.993896445409,31.2763976693931,45.7297058851979
2017,6,"58504f4f006cb93ed40eec10",18.3991000345719,18.8141853829568,62.7867145824713
2017,6,"58504f4f006cb93ed40eec08",23.6427880032948,27.5358219117324,48.8213900849728
2017,6,"58504f4f006cb93ed40eec09",20.9488722963957,23.6451378296239,55.4059898739804
2017,6,"58504f4f006cb93ed40eec0a",28.6461408389864,29.2188180012428,42.1350411597708
2017,6,"58504f4f006cb93ed40eec0c",25.4320179688364,27.6245477179716,46.943434313192
2017,6,"58504f4f006cb93ed40eec0b",18.1222768660928,23.0304203991021,58.8473027348051
2017,6,"58504f4f006cb93ed40eec12",17.4806958410925,18.1142041914036,64.405099967504
2017,6,"58504f4f006cb93ed40eec0e",24.5459736022835,22.8742674119779,52.5797589857386
2017,6,"58504f4f006cb93ed40eec0f",31.1397628063265,37.4875243072411,31.3727128864324
2017,6,"58504f4f006cb93ed40eec13",25.1287627303586,17.9551079159593,56.9161293536822
2017,6,"58504f4f006cb93ed40eec14",25.5741148508857,20.523214977889,53.9026701712253
2017,6,"58504f4f006cb93ed40eec17",17.8028090845082,31.9577838693358,50.239407046156
2017,6,"58504f4f006cb93ed40eec18",19.9924753443919,23.7889248981325,56.2185997574756
2017,6,"58504f4f006cb93ed40eec19",23.406708587401,16.6111005413118,59.9821908712872
2017,6,"58504f4f006cb93ed40eec1c",29.3480151707349,19.5233557698994,51.1286290593657
2017,6,"58504f4f006cb93ed40eec1d",21.9999759525415,36.8198502210517,41.1801738264068
2017,6,"58504f4f006cb93ed40eec1a",28.0559729049717,25.1444195583444,46.7996075366839
2017,6,"58504f4f006cb93ed40eec1b",25.6873500627376,19.9951760378066,54.3174738994558
2017,6,"58504f4f006cb93ed40eec1e",24.8244463269483,26.9052446556156,48.2703090174362
2017,7,"58504f4f006cb93ed40eebfd",16.87396162363,40.1219851103776,43.0040532659925
2017,7,"58504f4f006cb93ed40eebfe",28.9818075953497,37.8093499787643,33.208842425886
2017,7,"58504f4f006cb93ed40eebff",25.1827182917298,23.8409873495424,50.9762943587279
2017,7,"58504f4f006cb93ed40eec00",22.9903358624711,43.2430157772989,33.7666483602301
2017,7,"58504f4f006cb93ed40eec02",23.2176600738266,36.3021734222397,40.4801665039337
2017,7,"58504f4f006cb93ed40eec07",29.1114617861235,18.269825999892,52.6187122139845
2017,7,"58504f4f006cb93ed40eec0d",16.8141822112732,39.6148802295766,43.5709375591503
2017,7,"58504f4f006cb93ed40eec11",18.6368865376825,44.3772674237001,36.9858460386174
2017,7,"58504f4f006cb93ed40eec16",21.9326409061275,37.091143556533,40.9762155373395
2017,7,"58504f4f006cb93ed40eec01",22.0243120482792,21.7497469939929,56.2259409577279
2017,7,"58504f4f006cb93ed40eec03",33.976678843973,32.6617151504408,33.3616060055862
2017,7,"58504f4f006cb93ed40eec15",25.3539476771406,21.622668188261,53.0233841345983
2017,7,"58504f4f006cb93ed40eec04",22.2680619576618,27.850660776542,49.8812772657962
2017,7,"58504f4f006cb93ed40eec05",16.7985721328361,36.3488616493153,46.8525662178486
2017,7,"58504f4f006cb93ed40eec06",27.654690500153,21.4044608669492,50.9408486328977
2017,7,"58504f4f006cb93ed40eec10",20.5643386012189,26.6830585996519,52.7526027991292
2017,7,"58504f4f006cb93ed40eec08",25.6737751198398,25.4167625183879,48.9094623617723
2017,7,"58504f4f006cb93ed40eec09",23.1554774803736,30.5592160889622,46.2853064306642
2017,7,"58504f4f006cb93ed40eec0a",27.5020992034844,37.1496833359183,35.3482174605973
2017,7,"58504f4f006cb93ed40eec0c",26.0509367219214,27.1608529277494,46.7882103503293
2017,7,"58504f4f006cb93ed40eec0b",21.4327211408852,27.7860758263591,50.7812030327557
2017,7,"58504f4f006cb93ed40eec12",24.3666909234717,29.0346520422921,46.5986570342362
2017,7,"58504f4f006cb93ed40eec0e",25.1390998278893,24.9971587701614,49.8637414019493
2017,7,"58504f4f006cb93ed40eec0f",15.6891508670372,37.968285942302,46.3425631906608
2017,7,"58504f4f006cb93ed40eec13",21.393720063692,33.3128958383443,45.2933840979636
2017,7,"58504f4f006cb93ed40eec14",18.7460465407145,27.0063788873951,54.2475745718903
2017,7,"58504f4f006cb93ed40eec17",22.5638923827957,37.5633332869114,39.8727743302929
2017,7,"58504f4f006cb93ed40eec18",18.640506776829,29.403706606653,51.9557866165181
2017,7,"58504f4f006cb93ed40eec19",32.7484222799982,18.8731041489081,48.3784735710937
2017,7,"58504f4f006cb93ed40eec1c",25.406845736836,27.4485782935811,47.1445759695829
2017,7,"58504f4f006cb93ed40eec1d",24.192702026574,30.7883589880191,45.0189389854069
2017,7,"58504f4f006cb93ed40eec1a",18.7184737469623,44.1814605805214,37.1000656725163
2017,7,"58504f4f006cb93ed40eec1b",21.0492781966326,29.4085840092068,49.5421377941606
2017,7,"58504f4f006cb93ed40eec1e",21.8721187686146,33.811905676863,44.3159755545223
2017,8,"58504f4f006cb93ed40eebfd",34.9901539303677,27.5806152561785,37.4292308134537
2017,8,"58504f4f006cb93ed40eebfe",38.4182975345496,18.4015576120833,43.1801448533672
2017,8,"58504f4f006cb93ed40eebff",33.1364538073498,33.6171461001801,33.2464000924701
2017,8,"58504f4f006cb93ed40eec00",32.9747423815192,33.5859470980199,33.4393105204609
2017,8,"58504f4f006cb93ed40eec02",38.0518019772391,30.8286896284063,31.1195083943545
2017,8,"58504f4f006cb93ed40eec07",32.5391252386793,39.5944814025772,27.8663933587434
2017,8,"58504f4f006cb93ed40eec0d",40.9792515644411,26.980708567015,32.0400398685439
2017,8,"58504f4f006cb93ed40eec11",32.4865254639445,38.8414259550642,28.6720485809913
2017,8,"58504f4f006cb93ed40eec16",44.0049729155233,29.7907572121228,26.2042698723539
2017,8,"58504f4f006cb93ed40eec01",41.1487760521979,29.2805535144819,29.5706704333202
2017,8,"58504f4f006cb93ed40eec03",31.1100523613187,37.5179213241009,31.3720263145804
2017,8,"58504f4f006cb93ed40eec15",39.2649417802362,33.5910353929868,27.144022826777
2017,8,"58504f4f006cb93ed40eec04",37.1424803613509,32.9544459731052,29.903073665544
2017,8,"58504f4f006cb93ed40eec05",42.1348521095883,25.7362450536806,32.1289028367311
2017,8,"58504f4f006cb93ed40eec06",44.6733050987303,23.3115184586132,32.0151764426565
2017,8,"58504f4f006cb93ed40eec10",46.1995156289444,23.5945448645209,30.2059395065347
2017,8,"58504f4f006cb93ed40eec08",38.7670531907869,23.4782849655108,37.7546618437024
2017,8,"58504f4f006cb93ed40eec09",40.3798356268701,31.3685328267983,28.2516315463316
2017,8,"58504f4f006cb93ed40eec0a",40.2422096706945,24.9102739596947,34.8475163696107
2017,8,"58504f4f006cb93ed40eec0c",42.1149464193509,33.5850433274316,24.3000102532176
2017,8,"58504f4f006cb93ed40eec0b",41.9952713197315,30.649002475031,27.3557262052375
2017,8,"58504f4f006cb93ed40eec12",44.9748277954499,27.0694660176364,27.9557061869137
2017,8,"58504f4f006cb93ed40eec0e",37.9695753733135,39.4196252037369,22.6107994229496
2017,8,"58504f4f006cb93ed40eec0f",40.0921767024651,32.4433512964169,27.464472001118
2017,8,"58504f4f006cb93ed40eec13",51.1633170115126,22.333010697831,26.5036722906564
2017,8,"58504f4f006cb93ed40eec14",39.432203765349,29.8416029031028,30.7261933315481
2017,8,"58504f4f006cb93ed40eec17",37.0851239388767,35.9663063417636,26.9485697193597
2017,8,"58504f4f006cb93ed40eec18",42.5552688295679,26.5158604392347,30.9288707311975
2017,8,"58504f4f006cb93ed40eec19",30.9404436202932,33.9736770405733,35.0858793391335
2017,8,"58504f4f006cb93ed40eec1c",45.7106418435971,24.2512392812132,30.0381188751897
2017,8,"58504f4f006cb93ed40eec1d",35.4422138258447,37.6749293497412,26.8828568244141
2017,8,"58504f4f006cb93ed40eec1a",32.3963974773707,36.7053149610492,30.8982875615801
2017,8,"58504f4f006cb93ed40eec1b",29.9489033565277,36.4084264751146,33.6426701683577
2017,8,"58504f4f006cb93ed40eec1e",36.7620479189916,26.3898899981307,36.8480620828777
2017,3,"58504f5d006cb93ed40eec39",23.8840099359554,46.3411568114966,29.7748332525479
2017,3,"58504f5d006cb93ed40eec3b",31.8783374674719,27.8556231863382,40.2660393461899
2017,3,"58504f5d006cb93ed40eec3a",36.5272260618548,28.5282258125316,34.9445481256136
2017,3,"58504f5d006cb93ed40eec55",30.1835855126869,40.0078537327436,29.8085607545695
2017,3,"58504f5d006cb93ed40eec5a",31.9695505135532,32.2535657535887,35.7768837328581
2017,3,"58504f5d006cb93ed40eec3c",32.681791068803,33.1940762414219,34.1241326897751
2017,3,"58504f5d006cb93ed40eec3d",37.199064863182,26.1422998915387,36.6586352452793
2017,3,"58504f5d006cb93ed40eec3e",27.8036134056486,36.2767468959931,35.9196396983583
2017,3,"58504f5d006cb93ed40eec40",35.834997583296,35.3455969007216,28.8194055159824
2017,3,"58504f5d006cb93ed40eec3f",32.0090610917396,27.4414843808162,40.5494545274442
2017,3,"58504f5d006cb93ed40eec41",30.1017638121427,30.1071260368284,39.7911101510289
2017,3,"58504f5d006cb93ed40eec42",24.004272313698,39.9313011671251,36.0644265191769
2017,3,"58504f5d006cb93ed40eec43",35.543196619522,40.0638322906612,24.3929710898167
2017,3,"58504f5d006cb93ed40eec44",32.8506531316347,31.4716824489081,35.6776644194573
2017,3,"58504f5d006cb93ed40eec45",29.2317758011633,23.8479783495264,46.9202458493103
2017,3,"58504f5d006cb93ed40eec46",30.8514063251245,35.5110777926867,33.6375158821888
2017,3,"58504f5d006cb93ed40eec49",28.9008070393794,37.7583283318746,33.3408646287461
2017,3,"58504f5d006cb93ed40eec47",30.6592708007857,45.2457968559898,24.0949323432245
2017,3,"58504f5d006cb93ed40eec48",31.1534549613703,33.4275148384874,35.4190302001423
2017,3,"58504f5d006cb93ed40eec4b",25.6427927427982,30.027669160334,44.3295380968678
2017,3,"58504f5d006cb93ed40eec4a",28.422163943822,36.5926826562319,34.9851533999461
2017,3,"58504f5d006cb93ed40eec4c",36.0436624899729,33.1010057178839,30.8553317921432
2017,3,"58504f5d006cb93ed40eec4d",29.460560441006,29.1082320252956,41.4312075336984
2017,3,"58504f5d006cb93ed40eec4e",35.1968014647127,24.4536619993526,40.3495365359348
2017,3,"58504f5d006cb93ed40eec4f",30.2952624246696,21.6217971395537,48.0829404357767
2017,3,"58504f5d006cb93ed40eec50",22.4006357640103,46.6948657988869,30.9044984371028
2017,3,"58504f5d006cb93ed40eec51",32.2579954147919,37.2260285937661,30.515975991442
2017,3,"58504f5d006cb93ed40eec52",32.1835636643624,43.2497250770808,24.5667112585568
2017,3,"58504f5d006cb93ed40eec54",36.5705584228647,28.9106808973,34.5187606798352
2017,3,"58504f5d006cb93ed40eec56",30.8851047898562,33.8373009509561,35.2775942591877
2017,3,"58504f5d006cb93ed40eec53",33.3509469161778,27.6957752985859,38.9532777852362
2017,3,"58504f5d006cb93ed40eec57",30.6399906066178,36.5743202561337,32.7856891372485
2017,3,"58504f5d006cb93ed40eec59",31.2017103865691,36.4644523958172,32.3338372176137
2017,3,"58504f5d006cb93ed40eec58",33.0487219512675,37.5906461558051,29.3606318929274
2017,4,"58504f5d006cb93ed40eec39",23.8111518157567,24.7318436462965,51.4570045379468
2017,4,"58504f5d006cb93ed40eec3b",16.3134055957096,22.2941589483963,61.3924354558941
2017,4,"58504f5d006cb93ed40eec3a",20.6517982141456,22.8184432900322,56.5297584958222
2017,4,"58504f5d006cb93ed40eec55",21.4345665946655,32.9052654266754,45.660167978659
2017,4,"58504f5d006cb93ed40eec5a",13.2761890709137,27.4915732397679,59.2322376893184
2017,4,"58504f5d006cb93ed40eec3c",41.4055508061864,31.2261492744013,27.3682999194123
2017,4,"58504f5d006cb93ed40eec3d",22.1807589359238,19.8483835933879,57.9708574706883
2017,4,"58504f5d006cb93ed40eec3e",17.4341823400917,34.4556849483879,48.1101327115204
2017,4,"58504f5d006cb93ed40eec40",15.8154617746998,34.8079967800368,49.3765414452634
2017,4,"58504f5d006cb93ed40eec3f",40.4183407424886,24.2273727094612,35.3542865480502
2017,4,"58504f5d006cb93ed40eec41",26.6047999891635,23.4937081605049,49.9014918503316
2017,4,"58504f5d006cb93ed40eec42",25.4463477197164,39.4336895982795,35.1199626820041
2017,4,"58504f5d006cb93ed40eec43",28.3450457061563,21.5490142434792,50.1059400503645
2017,4,"58504f5d006cb93ed40eec44",8.59962129435746,24.2281244220566,67.172254283586
2017,4,"58504f5d006cb93ed40eec45",11.4816450819527,14.1954862951639,74.3228686228834
2017,4,"58504f5d006cb93ed40eec46",23.1323527981524,43.6593549222045,33.2082922796431
2017,4,"58504f5d006cb93ed40eec49",14.9637610166792,31.6703634420177,53.365875541303
2017,4,"58504f5d006cb93ed40eec47",19.1397409329694,23.2391596410784,57.6210994259522
2017,4,"58504f5d006cb93ed40eec48",23.1217617822951,18.5425633386399,58.335674879065
2017,4,"58504f5d006cb93ed40eec4b",27.3239766631324,21.3095541723849,51.3664691644827
2017,4,"58504f5d006cb93ed40eec4a",29.5198630686607,26.9493364372127,43.5308004941266
2017,4,"58504f5d006cb93ed40eec4c",30.8637031246844,33.0920697307958,36.0442271445199
2017,4,"58504f5d006cb93ed40eec4d",7.3725234518599,31.675727567885,60.9517489802551
2017,4,"58504f5d006cb93ed40eec4e",16.2112940792347,37.2699800296728,46.5187258910925
2017,4,"58504f5d006cb93ed40eec4f",28.2862636863127,34.0092573121104,37.7044790015768
2017,4,"58504f5d006cb93ed40eec50",18.293021660009,31.3062478565107,50.4007304834803
2017,4,"58504f5d006cb93ed40eec51",21.7922603487795,34.5839304406831,43.6238092105374
2017,4,"58504f5d006cb93ed40eec52",21.0683275698635,44.8496557383007,34.0820166918358
2017,4,"58504f5d006cb93ed40eec54",12.7552816285433,32.7599182462668,54.4848001251898
2017,4,"58504f5d006cb93ed40eec56",23.58456263488,22.2979138305984,54.1175235345215
2017,4,"58504f5d006cb93ed40eec53",25.6790549123737,29.8398289365495,44.4811161510768
2017,4,"58504f5d006cb93ed40eec57",11.0881876499325,26.0198007254449,62.8920116246226
2017,4,"58504f5d006cb93ed40eec59",19.0234639994119,26.2789413374183,54.6975946631698
2017,4,"58504f5d006cb93ed40eec58",22.1717363856392,24.9213231635019,52.9069404508589
2017,5,"58504f5d006cb93ed40eec39",42.9352351672741,30.7202383154241,26.3445265173018
2017,5,"58504f5d006cb93ed40eec3b",37.6660977366129,32.7435507295744,29.5903515338127
2017,5,"58504f5d006cb93ed40eec3a",41.3465110168499,37.9406867547541,20.712802228396
2017,5,"58504f5d006cb93ed40eec55",45.8622717078948,34.4516138389358,19.6861144531694
2017,5,"58504f5d006cb93ed40eec5a",48.1411702105104,22.9153706733111,28.9434591161785
2017,5,"58504f5d006cb93ed40eec3c",37.242788027411,33.834034344808,28.923177627781
2017,5,"58504f5d006cb93ed40eec3d",47.3002171992253,20.5187615243314,32.1810212764433
2017,5,"58504f5d006cb93ed40eec3e",33.1195368953417,39.2078052234345,27.6726578812238
2017,5,"58504f5d006cb93ed40eec40",44.0620631173606,31.045625079718,24.8923118029214
2017,5,"58504f5d006cb93ed40eec3f",39.4280005099577,26.755880732776,33.8161187572663
2017,5,"58504f5d006cb93ed40eec41",41.9892297143286,34.6517316299692,23.3590386557022
2017,5,"58504f5d006cb93ed40eec42",46.6908340808396,25.4667374350542,27.8424284841063
2017,5,"58504f5d006cb93ed40eec43",41.2789203942468,37.4390785294214,21.2820010763318
2017,5,"58504f5d006cb93ed40eec44",49.4214991144467,26.1886431634587,24.3898577220947
2017,5,"58504f5d006cb93ed40eec45",39.9750949290975,20.9904778420916,39.0344272288109
2017,5,"58504f5d006cb93ed40eec46",47.4478308633387,25.0568985513338,27.4952705853275
2017,5,"58504f5d006cb93ed40eec49",43.7656590327049,33.0806521215765,23.1536888457185
2017,5,"58504f5d006cb93ed40eec47",32.46563037021,50.2495060312825,17.2848635985075
2017,5,"58504f5d006cb93ed40eec48",44.6996664228437,30.3125780000327,24.9877555771236
2017,5,"58504f5d006cb93ed40eec4b",40.4096661194427,30.604387262971,28.9859466175862
2017,5,"58504f5d006cb93ed40eec4a",36.8466180373005,37.112102483046,26.0412794796535
2017,5,"58504f5d006cb93ed40eec4c",39.4827161712541,32.7862190882298,27.7310647405161
2017,5,"58504f5d006cb93ed40eec4d",41.878091950662,35.5552602310711,22.5666478182669
2017,5,"58504f5d006cb93ed40eec4e",45.9901788596651,26.8450097334805,27.1648114068544
2017,5,"58504f5d006cb93ed40eec4f",39.0354495536858,31.7141234757297,29.2504269705845
2017,5,"58504f5d006cb93ed40eec50",41.8369313738576,31.0510070610548,27.1120615650876
2017,5,"58504f5d006cb93ed40eec51",50.3391997827906,13.8292831545729,35.8315170626365
2017,5,"58504f5d006cb93ed40eec52",49.887235019772,25.8452018811224,24.2675630991056
2017,5,"58504f5d006cb93ed40eec54",37.2172000276863,38.6719889923489,24.1108109799648
2017,5,"58504f5d006cb93ed40eec56",43.853423574243,35.3279065949764,20.8186698307806
2017,5,"58504f5d006cb93ed40eec53",38.3917225435243,42.7665391102998,18.8417383461759
2017,5,"58504f5d006cb93ed40eec57",36.5352123366801,43.7747362082539,19.690051455066
2017,5,"58504f5d006cb93ed40eec59",42.6192566694641,27.2589204621012,30.1218228684347
2017,5,"58504f5d006cb93ed40eec58",42.3966060314871,30.9479944544491,26.6553995140638
2017,6,"58504f5d006cb93ed40eec39",24.7318655304493,25.9163122765593,49.3518221929914
2017,6,"58504f5d006cb93ed40eec3b",22.6443227028024,26.5270683234588,50.8286089737389
2017,6,"58504f5d006cb93ed40eec3a",28.4238548648617,25.7202038762547,45.8559412588836
2017,6,"58504f5d006cb93ed40eec55",20.095554959772,44.8714708044063,35.0329742358216
2017,6,"58504f5d006cb93ed40eec5a",30.035438849142,30.572786522108,39.39177462875
2017,6,"58504f5d006cb93ed40eec3c",19.4456712110657,31.2444887223325,49.3098400666018
2017,6,"58504f5d006cb93ed40eec3d",24.1906286010719,33.7648570544692,42.0445143444589
2017,6,"58504f5d006cb93ed40eec3e",22.7804801043947,28.783629194727,48.4358907008783
2017,6,"58504f5d006cb93ed40eec40",30.5129517703339,18.2145178592708,51.2725303703953
2017,6,"58504f5d006cb93ed40eec3f",17.6732952853766,44.3723806212942,37.9543240933291
2017,6,"58504f5d006cb93ed40eec41",21.9254079585563,34.7111686875428,43.3634233539009
2017,6,"58504f5d006cb93ed40eec42",27.4421917246409,26.9024994213835,45.6553088539756
2017,6,"58504f5d006cb93ed40eec43",18.3265207440939,32.5261428681828,49.1473363877233
2017,6,"58504f5d006cb93ed40eec44",22.7954617300123,16.2882195623499,60.9163187076378
2017,6,"58504f5d006cb93ed40eec45",25.538687790304,22.0437871983054,52.4175250113907
2017,6,"58504f5d006cb93ed40eec46",21.6440645556723,37.720814421315,40.6351210230127
2017,6,"58504f5d006cb93ed40eec49",27.1283137523945,28.2996641293543,44.5720221182513
2017,6,"58504f5d006cb93ed40eec47",16.9512155890907,38.1606455872715,44.8881388236379
2017,6,"58504f5d006cb93ed40eec48",20.9598529593381,33.6554796509598,45.3846673897021
2017,6,"58504f5d006cb93ed40eec4b",21.6571208082602,37.8377925104673,40.5050866812725
2017,6,"58504f5d006cb93ed40eec4a",30.4535310632993,26.9878361151494,42.5586328215514
2017,6,"58504f5d006cb93ed40eec4c",30.9462440816753,33.214723087945,35.8390328303796
2017,6,"58504f5d006cb93ed40eec4d",25.487496604026,25.6977334655987,48.8147699303753
2017,6,"58504f5d006cb93ed40eec4e",22.3547421980387,33.3883471737658,44.2569106281955
2017,6,"58504f5d006cb93ed40eec4f",34.5799978401985,22.3914831961588,43.0285189636427
2017,6,"58504f5d006cb93ed40eec50",29.794481912525,27.0058306504181,43.199687437057
2017,6,"58504f5d006cb93ed40eec51",28.6700239365153,36.9875690534795,34.3424070100052
2017,6,"58504f5d006cb93ed40eec52",20.9937827971218,27.2010202730673,51.8051969298109
2017,6,"58504f5d006cb93ed40eec54",20.701949273076,24.603631187215,54.694419539709
2017,6,"58504f5d006cb93ed40eec56",23.9687032309989,42.9745134726462,33.0567832963549
2017,6,"58504f5d006cb93ed40eec53",23.3454930139096,34.1829451226874,42.471561863403
2017,6,"58504f5d006cb93ed40eec57",24.6724623032568,19.6535263541958,55.6740113425473
2017,6,"58504f5d006cb93ed40eec59",21.5531729685719,26.2699658140179,52.1768612174101
2017,6,"58504f5d006cb93ed40eec58",21.4412795783446,40.7179090634743,37.8408113581811
2017,7,"58504f5d006cb93ed40eec39",10.5891786552483,29.3820396196222,60.0287817251295
2017,7,"58504f5d006cb93ed40eec3b",9.92385608555088,22.9403051202795,67.1358387941696
2017,7,"58504f5d006cb93ed40eec3a",7.24739289108824,14.5235709150198,78.229036193892
2017,7,"58504f5d006cb93ed40eec55",8.89415714461323,28.9663539921801,62.1394888632067
2017,7,"58504f5d006cb93ed40eec5a",7.67619109314353,17.4483362486674,74.875472658189
2017,7,"58504f5d006cb93ed40eec3c",6.57613962924382,12.8537226940383,80.5701376767179
2017,7,"58504f5d006cb93ed40eec3d",6.34403864215597,10.5256982660443,83.1302630917997
2017,7,"58504f5d006cb93ed40eec3e",8.52751615898376,9.01281345296214,82.4596703880541
2017,7,"58504f5d006cb93ed40eec40",6.5445384882094,14.2342479046668,79.2212136071238
2017,7,"58504f5d006cb93ed40eec3f",9.64243338278777,9.16456660439281,81.1930000128194
2017,7,"58504f5d006cb93ed40eec41",6.2018260174771,19.8237384168178,73.9744355657051
2017,7,"58504f5d006cb93ed40eec42",12.5729619380574,23.3520910454146,64.074947016528
2017,7,"58504f5d006cb93ed40eec43",4.28349723773301,16.9451957574883,78.7713070047787
2017,7,"58504f5d006cb93ed40eec44",5.86804942685077,14.5575318640668,79.5744187090825
2017,7,"58504f5d006cb93ed40eec45",5.99937852393839,14.9307806145233,79.0698408615383
2017,7,"58504f5d006cb93ed40eec46",9.80629093803959,16.3719947332565,73.8217143287039
2017,7,"58504f5d006cb93ed40eec49",7.54117852666337,35.6467799040767,56.8120415692599
2017,7,"58504f5d006cb93ed40eec47",7.56063915340863,15.9918295748591,76.4475312717323
2017,7,"58504f5d006cb93ed40eec48",9.89232742354674,30.7138089452104,59.3938636312429
2017,7,"58504f5d006cb93ed40eec4b",8.27845170174329,31.6636563615286,60.0578919367281
2017,7,"58504f5d006cb93ed40eec4a",14.1169631843656,20.9505552281209,64.9324815875134
2017,7,"58504f5d006cb93ed40eec4c",8.66339128062374,17.4935346382254,73.8430740811509
2017,7,"58504f5d006cb93ed40eec4d",8.87432543939458,8.47118766899635,82.6544868916091
2017,7,"58504f5d006cb93ed40eec4e",5.61502231485834,15.3630729632224,79.0219047219192
2017,7,"58504f5d006cb93ed40eec4f",6.00262792120672,30.2353326229141,63.7620394558792
2017,7,"58504f5d006cb93ed40eec50",12.1267300752644,16.5805378079354,71.2927321168002
2017,7,"58504f5d006cb93ed40eec51",7.08687554183023,32.0628057439617,60.8503187142081
2017,7,"58504f5d006cb93ed40eec52",7.87903801853108,17.5916125744145,74.5293494070544
2017,7,"58504f5d006cb93ed40eec54",4.39128100398433,18.4826822554545,77.1260367405612
2017,7,"58504f5d006cb93ed40eec56",8.44627394646844,17.6888985820271,73.8648274715045
2017,7,"58504f5d006cb93ed40eec53",6.38283003985674,19.3605398447153,74.256630115428
2017,7,"58504f5d006cb93ed40eec57",9.3066088184816,10.2466662467245,80.4467249347939
2017,7,"58504f5d006cb93ed40eec59",6.63949560396517,14.0959563728656,79.2645480231693
2017,7,"58504f5d006cb93ed40eec58",4.47808621054765,18.5270622114791,76.9948515779733
2017,8,"58504f5d006cb93ed40eec39",16.4651173654558,35.3192662084661,48.2156164260781
2017,8,"58504f5d006cb93ed40eec3b",25.7206232964605,16.2269737067968,58.0524029967427
2017,8,"58504f5d006cb93ed40eec3a",20.2703764574955,28.6965819309254,51.0330416115791
2017,8,"58504f5d006cb93ed40eec55",20.4471202874523,18.854280913329,60.6985987992187
2017,8,"58504f5d006cb93ed40eec5a",23.6853940870274,27.9620665510307,48.3525393619419
2017,8,"58504f5d006cb93ed40eec3c",12.0601905102499,35.9303704566228,52.0094390331273
2017,8,"58504f5d006cb93ed40eec3d",19.4958618485016,17.9374338715618,62.5667042799366
2017,8,"58504f5d006cb93ed40eec3e",18.4249781651992,27.815304071693,53.7597177631077
2017,8,"58504f5d006cb93ed40eec40",17.2822795342488,28.8062324871241,53.911487978627
2017,8,"58504f5d006cb93ed40eec3f",14.723614073876,48.4513376518607,36.8250482742632
2017,8,"58504f5d006cb93ed40eec41",23.2999622575443,27.7748967593248,48.9251409831309
2017,8,"58504f5d006cb93ed40eec42",17.2998801549526,40.0221395132188,42.6779803318286
2017,8,"58504f5d006cb93ed40eec43",19.0900201843355,34.520336200105,46.3896436155595
2017,8,"58504f5d006cb93ed40eec44",20.0222720462727,26.3881723456173,53.58955560811
2017,8,"58504f5d006cb93ed40eec45",22.2629989685973,28.8404999623107,48.896501069092
2017,8,"58504f5d006cb93ed40eec46",18.6336825199113,32.89390329412,48.4724141859688
2017,8,"58504f5d006cb93ed40eec49",24.0626773499267,32.9742664604277,42.9630561896456
2017,8,"58504f5d006cb93ed40eec47",14.7699479462223,32.5552548285864,52.6747972251913
2017,8,"58504f5d006cb93ed40eec48",23.1624384337698,14.8958131690087,61.9417483972216
2017,8,"58504f5d006cb93ed40eec4b",19.8022496191826,17.6552212737347,62.5425291070826
2017,8,"58504f5d006cb93ed40eec4a",24.9214850492665,33.089394251775,41.9891206989586
2017,8,"58504f5d006cb93ed40eec4c",18.0762843877623,27.0468143292736,54.8769012829641
2017,8,"58504f5d006cb93ed40eec4d",15.9447649099571,49.3593876620112,34.6958474280318
2017,8,"58504f5d006cb93ed40eec4e",9.82839350038589,48.1083484373334,42.0632580622808
2017,8,"58504f5d006cb93ed40eec4f",22.9584983511482,35.3595455232524,41.6819561255994
2017,8,"58504f5d006cb93ed40eec50",19.7647820175923,38.0368687414215,42.1983492409862
2017,8,"58504f5d006cb93ed40eec51",8.91392493691343,46.9172175633283,44.1688574997583
2017,8,"58504f5d006cb93ed40eec52",20.2286534453166,39.6233593179554,40.1479872367281
2017,8,"58504f5d006cb93ed40eec54",23.2284238663039,21.5623133642902,55.2092627694059
2017,8,"58504f5d006cb93ed40eec56",18.2747110648488,37.4360142138663,44.2892747212849
2017,8,"58504f5d006cb93ed40eec53",21.1038225921187,15.4055460870727,63.4906313208085
2017,8,"58504f5d006cb93ed40eec57",25.7721416910508,17.5819176030262,56.645940705923
2017,8,"58504f5d006cb93ed40eec59",19.998526149649,27.4870337883705,52.5144400619806
2017,8,"58504f5d006cb93ed40eec58",21.2484366202519,21.7877191910015,56.9638441887466
2017,3,"58504f6a006cb93ed40eec73",44.4831161967773,26.6938442193349,28.8230395838879
2017,3,"58504f6a006cb93ed40eec74",53.8338355919662,26.0484772481969,20.1176871598369
2017,3,"58504f6a006cb93ed40eec75",48.3787970689932,29.2031940115116,22.4180089194952
2017,3,"58504f6a006cb93ed40eec78",46.3236174036307,23.8773140188937,29.7990685774756
2017,3,"58504f6a006cb93ed40eec79",45.5126360234661,30.9612597398411,23.5261042366928
2017,3,"58504f6a006cb93ed40eec76",40.7542248618904,36.2046897442954,23.0410853938142
2017,3,"58504f6a006cb93ed40eec77",49.2662138251788,19.3780061482502,31.355780026571
2017,3,"58504f6a006cb93ed40eec7a",48.4361037495995,25.0271828427179,26.5367134076826
2017,3,"58504f6a006cb93ed40eec7b",34.1592472397074,33.4114542219316,32.4292985383609
