year,month,id,below,normal,above
2017,8,58504f1a006cb93ed40eebdd,0.5112794079135417,0.25457412869984064,0.2341464633866177
2017,8,58504f1a006cb93ed40eebde,0.544779748294168,0.1491792129015217,0.30604103880431033
2017,8,58504f1a006cb93ed40eebe1,0.5222802548920215,0.19296119514732113,0.2847585499606574
2017,8,58504f1a006cb93ed40eebdf,0.5225606337109822,0.32915533155960847,0.14828403472940943
2017,8,58504f1a006cb93ed40eebe0,0.6080701551980212,0.1623380024075758,0.229591842394403
2017,8,58504f1a006cb93ed40eebe2,0.5966562468769648,0.20645083718849688,0.19689291593453828
2017,8,58504f1a006cb93ed40eebe3,0.46687775553415956,0.37156372585034375,0.16155851861549675
2017,8,58504f1a006cb93ed40eebe4,0.5532813096284624,0.20586323611563506,0.24085545425590246
2017,8,58504f1a006cb93ed40eebe5,0.5331354201506656,0.17650660020015052,0.29035797964918386
2017,9,58504f1a006cb93ed40eebdd,0.4926288104434202,0.32231492065784795,0.18505626889873183
2017,9,58504f1a006cb93ed40eebde,0.510090342088741,0.15844248750150491,0.33146717040975404
2017,9,58504f1a006cb93ed40eebe1,0.5508830361893082,0.14984720287152942,0.29926976093916235
2017,9,58504f1a006cb93ed40eebdf,0.5938817439282689,0.2398937076065969,0.16622454846513424
2017,9,58504f1a006cb93ed40eebe0,0.6070207766717586,0.2098699373522259,0.1831092859760155
2017,9,58504f1a006cb93ed40eebe2,0.5345719603775776,0.24429193005574779,0.22113610956667462
2017,9,58504f1a006cb93ed40eebe3,0.48508291963750183,0.3014972947391783,0.21341978562331987
2017,9,58504f1a006cb93ed40eebe4,0.4835631992407905,0.35066008328200055,0.16577671747720893
2017,9,58504f1a006cb93ed40eebe5,0.5288578841275695,0.20688754519378005,0.26425457067865044
2017,10,58504f1a006cb93ed40eebdd,0.4465421200676992,0.2553340655230637,0.2981238144092371
2017,10,58504f1a006cb93ed40eebde,0.3898457558510502,0.2134747765645193,0.3966794675844305
2017,10,58504f1a006cb93ed40eebe1,0.49359538843857514,0.22019047081136725,0.2862141407500576
2017,10,58504f1a006cb93ed40eebdf,0.4689400177526703,0.28089121946777024,0.25016876277955946
2017,10,58504f1a006cb93ed40eebe0,0.4787709197478124,0.328906324210711,0.19232275604147664
2017,10,58504f1a006cb93ed40eebe2,0.4622258724910614,0.3356778553518433,0.20209627215709536
2017,10,58504f1a006cb93ed40eebe3,0.4229472192131468,0.40602843598000027,0.17102434480685288
2017,10,58504f1a006cb93ed40eebe4,0.34160433979235805,0.3070827278883759,0.3513129323192661
2017,10,58504f1a006cb93ed40eebe5,0.48901908398979044,0.14179697595339846,0.3691839400568111
2017,11,58504f1a006cb93ed40eebdd,0.24051664632878034,0.4465665566394817,0.3129167970317379
2017,11,58504f1a006cb93ed40eebde,0.32723590830808225,0.2538927951454786,0.4188712965464391
2017,11,58504f1a006cb93ed40eebe1,0.37546564346516687,0.24765696313525423,0.3768773933995788
2017,11,58504f1a006cb93ed40eebdf,0.25133597140938835,0.3339393446528041,0.4147246839378076
2017,11,58504f1a006cb93ed40eebe0,0.2930838110173402,0.38518394590685384,0.32173224307580595
2017,11,58504f1a006cb93ed40eebe2,0.2900468512459869,0.38378957495375937,0.3261635738002538
2017,11,58504f1a006cb93ed40eebe3,0.2599733416453093,0.3399471141307785,0.40007954422391223
2017,11,58504f1a006cb93ed40eebe4,0.26274589759888123,0.21756051946291383,0.519693582938205
2017,11,58504f1a006cb93ed40eebe5,0.309659330642732,0.2515761229867035,0.4387645463705645
2017,12,58504f1a006cb93ed40eebdd,0.09029389447610806,0.3091168413671028,0.6005892641567891
2017,12,58504f1a006cb93ed40eebde,0.15831245735863964,0.2702346730576307,0.5714528695837297
2017,12,58504f1a006cb93ed40eebe1,0.1795362837058753,0.13029021348777353,0.6901735028063511
2017,12,58504f1a006cb93ed40eebdf,0.1493416778460474,0.3033543234488062,0.5473039987051465
2017,12,58504f1a006cb93ed40eebe0,0.17877009877998237,0.33211222757807213,0.48911767364194547
2017,12,58504f1a006cb93ed40eebe2,0.07544441916896862,0.2939666575925771,0.6305889232384543
2017,12,58504f1a006cb93ed40eebe3,0.09815613724212831,0.3607587399199057,0.5410851228379661
2017,12,58504f1a006cb93ed40eebe4,0.15133284561684382,0.337286771365061,0.5113803830180952
2017,12,58504f1a006cb93ed40eebe5,0.12309576177971585,0.3556639832880753,0.5212402549322088
2018,1,58504f1a006cb93ed40eebdd,0.31681615588338996,0.2752710606074522,0.40791278350915783
2018,1,58504f1a006cb93ed40eebde,0.2215308021853781,0.4906408542413143,0.28782834357330755
2018,1,58504f1a006cb93ed40eebe1,0.2655566138578835,0.309978643414852,0.42446474272726453
2018,1,58504f1a006cb93ed40eebdf,0.2812070885985913,0.3858304343203912,0.3329624770810176
2018,1,58504f1a006cb93ed40eebe0,0.2893344360261544,0.38704491087975845,0.3236206530940871
2018,1,58504f1a006cb93ed40eebe2,0.3420132268410807,0.1949605743393765,0.46302619881954277
2018,1,58504f1a006cb93ed40eebe3,0.27584007796478804,0.37149622976487495,0.352663692270337
2018,1,58504f1a006cb93ed40eebe4,0.3028715954069666,0.27365063248794974,0.42347777210508364
2018,1,58504f1a006cb93ed40eebe5,0.3308888544462675,0.2667492309215851,0.40236191463214743
2017,8,58504f1a006cb93ed40eebdd,0.6618893160856452,0.20255815743769331,0.1355525264766615
2017,8,58504f1a006cb93ed40eebde,0.7153715320064551,0.1337795259839789,0.150848942009566
2017,8,58504f1a006cb93ed40eebe1,0.6184244332745431,0.17155608850673365,0.21001947821872324
2017,8,58504f1a006cb93ed40eebdf,0.7201692998411431,0.22684107195538739,0.05298962820346952
2017,8,58504f1a006cb93ed40eebe0,0.7960390999568687,0.12346487936144988,0.08049602068168138
2017,8,58504f1a006cb93ed40eebe2,0.7731659428479949,0.13751362935480382,0.08932042779720127
2017,8,58504f1a006cb93ed40eebe3,0.6090063324333308,0.2711111044335338,0.11988256313313539
2017,8,58504f1a006cb93ed40eebe4,0.720756893789288,0.15395693465936822,0.1252861715513438
2017,8,58504f1a006cb93ed40eebe5,0.6550088412539652,0.15250970992902202,0.19248144881701268
2017,9,58504f1a006cb93ed40eebdd,0.3271974636293078,0.4312766542772726,0.24152588209341963
2017,9,58504f1a006cb93ed40eebde,0.3624431089510243,0.20245241434985545,0.4351044766991203
2017,9,58504f1a006cb93ed40eebe1,0.44063644066522967,0.18551157289455056,0.3738519864402198
2017,9,58504f1a006cb93ed40eebdf,0.42022593979133405,0.30898961298995964,0.2707844472187063
2017,9,58504f1a006cb93ed40eebe0,0.44863525512714963,0.32437863971778014,0.22698610515507023
2017,9,58504f1a006cb93ed40eebe2,0.3800993253647507,0.3032302223340521,0.31667045230119717
2017,9,58504f1a006cb93ed40eebe3,0.3566244207932098,0.32353728535691123,0.31983829384987894
2017,9,58504f1a006cb93ed40eebe4,0.3185298925959643,0.4244309661436232,0.2570391412604125
2017,9,58504f1a006cb93ed40eebe5,0.4144195689953169,0.23444407174898646,0.3511363592556967
2017,10,58504f1a006cb93ed40eebdd,0.5225715083623488,0.2328120265877549,0.24461646504989631
2017,10,58504f1a006cb93ed40eebde,0.4427160003697186,0.20235432074520748,0.3549296788850739
2017,10,58504f1a006cb93ed40eebe1,0.5447712778799125,0.19460122471654284,0.26062749740354463
2017,10,58504f1a006cb93ed40eebdf,0.5444920438413202,0.24575987841149693,0.20974807774718285
2017,10,58504f1a006cb93ed40eebe0,0.5484739372312867,0.26040980733902475,0.1911162554296886
2017,10,58504f1a006cb93ed40eebe2,0.5363196604786166,0.319897488094535,0.14378285142684843
2017,10,58504f1a006cb93ed40eebe3,0.49946119147351525,0.3768085069595469,0.12373030156693787
2017,10,58504f1a006cb93ed40eebe4,0.37094117095727275,0.31013336698475436,0.3189254620579729
2017,10,58504f1a006cb93ed40eebe5,0.536307100135296,0.1399167283893531,0.3237761714753509
2017,11,58504f1a006cb93ed40eebdd,0.11334187038024171,0.3984398022501128,0.48821832736964554
2017,11,58504f1a006cb93ed40eebde,0.2827993505035768,0.24401959464770023,0.47318105484872297
2017,11,58504f1a006cb93ed40eebe1,0.20226374687768683,0.21106198301935733,0.5866742701029558
2017,11,58504f1a006cb93ed40eebdf,0.12705835393660786,0.25820660963571657,0.6147350364276756
2017,11,58504f1a006cb93ed40eebe0,0.11088156253163892,0.2933195662292153,0.5957988712391458
2017,11,58504f1a006cb93ed40eebe2,0.06880179733567753,0.27185052954063116,0.6593476731236914
2017,11,58504f1a006cb93ed40eebe3,0.09229019447563891,0.21935288559015798,0.6883569199342031
2017,11,58504f1a006cb93ed40eebe4,0.15556788461435975,0.15487286081747267,0.6895592545681676
2017,11,58504f1a006cb93ed40eebe5,0.12012248954711441,0.17319933018386469,0.706678180269021
2017,12,58504f1a006cb93ed40eebdd,0.260713114077868,0.38004779335093153,0.35923909257120046
2017,12,58504f1a006cb93ed40eebde,0.31005388938750456,0.26590837813404045,0.424037732478455
2017,12,58504f1a006cb93ed40eebe1,0.37475433478110765,0.1579571282533604,0.46728853696553196
2017,12,58504f1a006cb93ed40eebdf,0.29048476582735566,0.3894906937552945,0.32002454041734985
2017,12,58504f1a006cb93ed40eebe0,0.34494751004882707,0.3220894341837188,0.3329630557674541
2017,12,58504f1a006cb93ed40eebe2,0.24156954040281714,0.38660509767203055,0.37182536192515236
2017,12,58504f1a006cb93ed40eebe3,0.26569449081918595,0.437321275492088,0.29698423368872606
2017,12,58504f1a006cb93ed40eebe4,0.20626885520870877,0.4689573770914025,0.32477376769988875
2017,12,58504f1a006cb93ed40eebe5,0.271529697713488,0.4426827550757395,0.2857875472107725
2018,1,58504f1a006cb93ed40eebdd,0.3306232826488246,0.2162117078387541,0.45316500951242134
2018,1,58504f1a006cb93ed40eebde,0.2780792961746595,0.34376920558785357,0.37815149823748695
2018,1,58504f1a006cb93ed40eebe1,0.2931600618523508,0.23535505809001644,0.4714848800576328
2018,1,58504f1a006cb93ed40eebdf,0.2870856076914469,0.3285880418847648,0.38432635042378827
2018,1,58504f1a006cb93ed40eebe0,0.31006694459705686,0.29963774962790446,0.3902953057750387
2018,1,58504f1a006cb93ed40eebe2,0.3672108545797673,0.12940183959022167,0.503387305830011
2018,1,58504f1a006cb93ed40eebe3,0.31471287306582996,0.25669220952273897,0.4285949174114311
2018,1,58504f1a006cb93ed40eebe4,0.30633746619282975,0.2342768307008407,0.45938570310632953
2018,1,58504f1a006cb93ed40eebe5,0.3263839609081418,0.23095200216283415,0.442664036929024
2017,8,58504f4f006cb93ed40eebfd,0.2654174312723967,0.28846135986251875,0.44612120886508455
2017,8,58504f4f006cb93ed40eebfe,0.35313452779550586,0.1876943941290476,0.45917107807544655
2017,8,58504f4f006cb93ed40eebff,0.28058643513252024,0.3321711229148158,0.3872424419526639
2017,8,58504f4f006cb93ed40eec00,0.24516828756139325,0.3302550054923629,0.42457670694624383
2017,8,58504f4f006cb93ed40eec02,0.3479053771435188,0.30679932659897363,0.34529529625750754
2017,8,58504f4f006cb93ed40eec07,0.2318325095071658,0.3879813029988025,0.38018618749403166
2017,8,58504f4f006cb93ed40eec0d,0.2945792980057642,0.2780370391488436,0.4273836628453922
2017,8,58504f4f006cb93ed40eec11,0.21614916018931915,0.39618665833652555,0.38766418147415527
2017,8,58504f4f006cb93ed40eec16,0.315612559219843,0.32971544072609565,0.3546720000540613
2017,8,58504f4f006cb93ed40eec01,0.30784276073508776,0.2929581482606428,0.3991990910042694
2017,8,58504f4f006cb93ed40eec03,0.257132373498955,0.3725041768769919,0.3703634496240531
2017,8,58504f4f006cb93ed40eec15,0.2443061142543113,0.386240083261918,0.3694538024837707
2017,8,58504f4f006cb93ed40eec04,0.2570766083689672,0.3476904341703807,0.3952329574606522
2017,8,58504f4f006cb93ed40eec05,0.26671546303847726,0.2996437974945547,0.43364073946696796
2017,8,58504f4f006cb93ed40eec06,0.32557006877945527,0.24801968039099453,0.4264102508295502
2017,8,58504f4f006cb93ed40eec10,0.3045098127374514,0.28303871192364544,0.4124514753389031
2017,8,58504f4f006cb93ed40eec08,0.2719675377335043,0.24831845077902787,0.47971401148746784
2017,8,58504f4f006cb93ed40eec09,0.2931206856998139,0.32601199401128006,0.380867320288906
2017,8,58504f4f006cb93ed40eec0a,0.28185596869460794,0.259365079667668,0.4587789516377241
2017,8,58504f4f006cb93ed40eec0c,0.270444637799262,0.3960336540417493,0.33352170815898874
2017,8,58504f4f006cb93ed40eec0b,0.2844497071923514,0.33374718095219336,0.3818031118554552
2017,8,58504f4f006cb93ed40eec12,0.3033030087581654,0.31886038228268954,0.37783660895914506
2017,8,58504f4f006cb93ed40eec0e,0.2272702912652214,0.42909266451755507,0.3436370442172235
2017,8,58504f4f006cb93ed40eec0f,0.24704622369433482,0.36686148285050335,0.38609229345516183
2017,8,58504f4f006cb93ed40eec13,0.3390508076754847,0.26249205569924683,0.3984571366252685
2017,8,58504f4f006cb93ed40eec14,0.2583273950104632,0.3346886870054399,0.40698391798409683
2017,8,58504f4f006cb93ed40eec17,0.32656865030217364,0.3695153555023627,0.30391599419546367
2017,8,58504f4f006cb93ed40eec18,0.2575225370645111,0.31445024826658974,0.42802721466889915
2017,8,58504f4f006cb93ed40eec19,0.26721566004980524,0.33937954855678304,0.3934047913934117
2017,8,58504f4f006cb93ed40eec1c,0.35758271683193754,0.25426924757625213,0.3881480355918103
2017,8,58504f4f006cb93ed40eec1d,0.26459438807720237,0.3978374581709369,0.3375681537518608
2017,8,58504f4f006cb93ed40eec1a,0.2166047930672853,0.36621230288999185,0.4171829040427228
2017,8,58504f4f006cb93ed40eec1b,0.22149651915688057,0.3550028577125603,0.42350062313055914
2017,8,58504f4f006cb93ed40eec1e,0.3036569040013015,0.2538514072240299,0.4424916887746686
2017,9,58504f4f006cb93ed40eebfd,0.3281328346701716,0.2744580302450158,0.39740913508481257
2017,9,58504f4f006cb93ed40eebfe,0.2885269980571631,0.3506619511242258,0.3608110508186111
2017,9,58504f4f006cb93ed40eebff,0.33467775727511023,0.33377154915118257,0.33155069357370726
2017,9,58504f4f006cb93ed40eec00,0.3502547905962595,0.3411080667887624,0.3086371426149781
2017,9,58504f4f006cb93ed40eec02,0.39338694913380334,0.2993937198189798,0.3072193310472169
2017,9,58504f4f006cb93ed40eec07,0.35573358284366724,0.2606702335959866,0.3835961835603461
2017,9,58504f4f006cb93ed40eec0d,0.38811789424475934,0.23879045624740985,0.3730916495078308
2017,9,58504f4f006cb93ed40eec11,0.29617730768559103,0.38721044546098843,0.3166122468534205
2017,9,58504f4f006cb93ed40eec16,0.3763657635561082,0.2981189967697505,0.32551523967414137
2017,9,58504f4f006cb93ed40eec01,0.3907072282788909,0.24139720743824977,0.3678955642828594
2017,9,58504f4f006cb93ed40eec03,0.3607809423213084,0.321187846921208,0.31803121075748364
2017,9,58504f4f006cb93ed40eec15,0.3593441010342229,0.31634306212201657,0.32431283684376055
2017,9,58504f4f006cb93ed40eec04,0.44384966620346744,0.19468951756595854,0.3614608162305741
2017,9,58504f4f006cb93ed40eec05,0.3350793984504518,0.3648441884649575,0.30007641308459077
2017,9,58504f4f006cb93ed40eec06,0.35004005115575587,0.2581243409390447,0.3918356079051995
2017,9,58504f4f006cb93ed40eec10,0.34548803462476596,0.321560614324365,0.33295135105086904
2017,9,58504f4f006cb93ed40eec08,0.3836910935487513,0.12948523607923457,0.4868236703720142
2017,9,58504f4f006cb93ed40eec09,0.35607632625504526,0.3452843635347814,0.2986393102101733
2017,9,58504f4f006cb93ed40eec0a,0.3724291578843067,0.23629495048571464,0.39127589162997867
2017,9,58504f4f006cb93ed40eec0c,0.4320622230129023,0.2642185589777457,0.303719218009352
2017,9,58504f4f006cb93ed40eec0b,0.3482630784200037,0.34163018081324814,0.31010674076674816
2017,9,58504f4f006cb93ed40eec12,0.3796865064349643,0.30847936066438014,0.31183413290065554
2017,9,58504f4f006cb93ed40eec0e,0.3225072751143914,0.3272912023691803,0.3502015225164282
2017,9,58504f4f006cb93ed40eec0f,0.34299430259971614,0.3448041091712603,0.31220158822902355
2017,9,58504f4f006cb93ed40eec13,0.35025465323170657,0.37154045725953877,0.27820488950875466
2017,9,58504f4f006cb93ed40eec14,0.37618458324012494,0.28368630059686917,0.3401291161630059
2017,9,58504f4f006cb93ed40eec17,0.25920420509377184,0.3586642836969277,0.38213151120930045
2017,9,58504f4f006cb93ed40eec18,0.3879815331807122,0.2638272600266501,0.3481912067926377
2017,9,58504f4f006cb93ed40eec19,0.2882557058938272,0.3190382414319972,0.3927060526741756
2017,9,58504f4f006cb93ed40eec1c,0.2712088913077292,0.33917371172318345,0.38961739696908737
2017,9,58504f4f006cb93ed40eec1d,0.40587821449020167,0.17540743208326537,0.418714353426533
2017,9,58504f4f006cb93ed40eec1a,0.3268702410571781,0.2957935984441754,0.3773361604986465
2017,9,58504f4f006cb93ed40eec1b,0.3228848395192401,0.26568980205619497,0.41142535842456496
2017,9,58504f4f006cb93ed40eec1e,0.35346615877607257,0.2623166202208247,0.38421722100310274
2017,10,58504f4f006cb93ed40eebfd,0.3773238698155164,0.3160519099182056,0.306624220266278
2017,10,58504f4f006cb93ed40eebfe,0.36351491620195375,0.2279698011971929,0.4085152826008533
2017,10,58504f4f006cb93ed40eebff,0.27973329044853273,0.41290428845717103,0.30736242109429623
2017,10,58504f4f006cb93ed40eec00,0.298976307164193,0.3865067559049914,0.3145169369308156
2017,10,58504f4f006cb93ed40eec02,0.2790715421819425,0.4180287867275921,0.30289967109046545
2017,10,58504f4f006cb93ed40eec07,0.3082679026200982,0.33278759629424504,0.3589445010856568
2017,10,58504f4f006cb93ed40eec0d,0.3880673406793446,0.24810069248214922,0.36383196683850616
2017,10,58504f4f006cb93ed40eec11,0.3391163454623802,0.40373235141688757,0.2571513031207322
2017,10,58504f4f006cb93ed40eec16,0.3694391323941927,0.20337113410139196,0.42718973350441536
2017,10,58504f4f006cb93ed40eec01,0.3902235671006242,0.29351530786965185,0.3162611250297239
2017,10,58504f4f006cb93ed40eec03,0.3476797844839944,0.28628845350690213,0.3660317620091035
2017,10,58504f4f006cb93ed40eec15,0.33342642786188437,0.2639764025053777,0.40259716963273795
2017,10,58504f4f006cb93ed40eec04,0.3530564850687609,0.3010178240313873,0.3459256908998518
2017,10,58504f4f006cb93ed40eec05,0.31914552715218303,0.34180585336254427,0.33904861948527276
2017,10,58504f4f006cb93ed40eec06,0.362533852331007,0.23447859524240577,0.40298755242658724
2017,10,58504f4f006cb93ed40eec10,0.36947647740194983,0.17610143928532174,0.45442208331272854
2017,10,58504f4f006cb93ed40eec08,0.3563742959159132,0.28730418337014485,0.35632152071394196
2017,10,58504f4f006cb93ed40eec09,0.33103824752539124,0.3177451014279975,0.35121665104661126
2017,10,58504f4f006cb93ed40eec0a,0.36843504981344877,0.21127886445838162,0.4202860857281696
2017,10,58504f4f006cb93ed40eec0c,0.3939873949413811,0.21976243521056876,0.38625016984805016
2017,10,58504f4f006cb93ed40eec0b,0.3302986381792541,0.35760541367245713,0.3120959481482888
2017,10,58504f4f006cb93ed40eec12,0.34124550376529333,0.2849402980369981,0.37381419819770856
2017,10,58504f4f006cb93ed40eec0e,0.33201112887630074,0.21475107210868413,0.45323779901501515
2017,10,58504f4f006cb93ed40eec0f,0.3681585183504959,0.3255991696435079,0.30624231200599616
2017,10,58504f4f006cb93ed40eec13,0.38069588935311893,0.29905494745537886,0.3202491631915022
2017,10,58504f4f006cb93ed40eec14,0.3527376574878691,0.2521755473764019,0.39508679513572903
2017,10,58504f4f006cb93ed40eec17,0.3071960167038243,0.29902580224762004,0.39377818104855566
2017,10,58504f4f006cb93ed40eec18,0.2939405492517228,0.34875277494933615,0.35730667579894104
2017,10,58504f4f006cb93ed40eec19,0.39236582309761525,0.23306905189529517,0.3745651250070896
2017,10,58504f4f006cb93ed40eec1c,0.3125853011257791,0.30810432566898305,0.37931037320523786
2017,10,58504f4f006cb93ed40eec1d,0.3436707680972118,0.27777871198335813,0.37855051991943
2017,10,58504f4f006cb93ed40eec1a,0.3083610047797727,0.40633775602595873,0.28530123919426853
2017,10,58504f4f006cb93ed40eec1b,0.30634917338765005,0.2815144795195847,0.41213634709276525
2017,10,58504f4f006cb93ed40eec1e,0.34331589410133406,0.3331157216484232,0.3235683842502428
2017,11,58504f4f006cb93ed40eebfd,0.2269105257451928,0.21890604398414162,0.5541834302706656
2017,11,58504f4f006cb93ed40eebfe,0.2587516954967291,0.37218593433974173,0.36906237016352916
2017,11,58504f4f006cb93ed40eebff,0.23582869257759215,0.3306281511165829,0.43354315630582496
2017,11,58504f4f006cb93ed40eec00,0.17213052336606577,0.3712352442044687,0.45663423242946555
2017,11,58504f4f006cb93ed40eec02,0.16330423041139602,0.36991914758724515,0.46677662200135883
2017,11,58504f4f006cb93ed40eec07,0.16142342981624272,0.42209243475576996,0.41648413542798735
2017,11,58504f4f006cb93ed40eec0d,0.17185776229834926,0.24541539741334667,0.5827268402883041
2017,11,58504f4f006cb93ed40eec11,0.12608879424269284,0.37397407389693305,0.4999371318603741
2017,11,58504f4f006cb93ed40eec16,0.1377414630898075,0.3826705667664402,0.47958797014375226
2017,11,58504f4f006cb93ed40eec01,0.25851721584578113,0.337172027280903,0.40431075687331586
2017,11,58504f4f006cb93ed40eec03,0.15277465715829874,0.3095031688162826,0.5377221740254187
2017,11,58504f4f006cb93ed40eec15,0.1357031993603017,0.38988090879920845,0.47441589184048977
2017,11,58504f4f006cb93ed40eec04,0.16577173994820524,0.2803118550930228,0.5539164049587719
2017,11,58504f4f006cb93ed40eec05,0.10149343473129414,0.3129103132969155,0.5855962519717903
2017,11,58504f4f006cb93ed40eec06,0.16637765069918892,0.26745615061044176,0.5661661986903693
2017,11,58504f4f006cb93ed40eec10,0.12102882102731521,0.28155499465138106,0.5974161843213037
2017,11,58504f4f006cb93ed40eec08,0.254980841297171,0.36328574771140987,0.38173341099141905
2017,11,58504f4f006cb93ed40eec09,0.18796392713241464,0.4279290541469396,0.3841070187206458
2017,11,58504f4f006cb93ed40eec0a,0.26040396567130275,0.2628228567279226,0.47677317760077464
2017,11,58504f4f006cb93ed40eec0c,0.14926178961002928,0.3334562868093514,0.5172819235806193
2017,11,58504f4f006cb93ed40eec0b,0.203193621780194,0.2436839327228589,0.5531224454969471
2017,11,58504f4f006cb93ed40eec12,0.13856490211218297,0.2124029290164623,0.6490321688713547
2017,11,58504f4f006cb93ed40eec0e,0.16090987807930512,0.4438769757926436,0.39521314612805125
2017,11,58504f4f006cb93ed40eec0f,0.18384252606594043,0.3696794941559174,0.4464779797781422
2017,11,58504f4f006cb93ed40eec13,0.1838993803965647,0.2896445555409661,0.5264560640624691
2017,11,58504f4f006cb93ed40eec14,0.18567378207215995,0.24742208148399963,0.5669041364438404
2017,11,58504f4f006cb93ed40eec17,0.28781851905649636,0.34340177035015207,0.3687797105933516
2017,11,58504f4f006cb93ed40eec18,0.18997804381145045,0.28970386379128116,0.5203180923972683
2017,11,58504f4f006cb93ed40eec19,0.2526127933685455,0.22695173586177092,0.5204354707696837
2017,11,58504f4f006cb93ed40eec1c,0.20557218710386096,0.4043950018804525,0.39003281101568654
2017,11,58504f4f006cb93ed40eec1d,0.18043579356329115,0.4200219324137741,0.39954227402293474
2017,11,58504f4f006cb93ed40eec1a,0.2726633805418146,0.28642782782787835,0.44090879163030705
2017,11,58504f4f006cb93ed40eec1b,0.19159365181877436,0.34567082357348666,0.4627355246077389
2017,11,58504f4f006cb93ed40eec1e,0.14427566469749306,0.3931313284431576,0.46259300685934934
2017,12,58504f4f006cb93ed40eebfd,0.09506052652895619,0.18330811282688736,0.7216313606441563
2017,12,58504f4f006cb93ed40eebfe,0.21926628751664937,0.37696909239494003,0.4037646200884106
2017,12,58504f4f006cb93ed40eebff,0.05372834236678407,0.2764513532629095,0.6698203043703063
2017,12,58504f4f006cb93ed40eec00,0.027397016239832695,0.2407860632356624,0.7318169205245049
2017,12,58504f4f006cb93ed40eec02,0.05731770129075995,0.4084743004351668,0.5342079982740733
2017,12,58504f4f006cb93ed40eec07,0.074399519643544,0.2251098872267871,0.7004905931296689
2017,12,58504f4f006cb93ed40eec0d,0.0753529727310995,0.2005306539474555,0.724116373321445
2017,12,58504f4f006cb93ed40eec11,0.043917332080135776,0.08788934228459754,0.8681933256352667
2017,12,58504f4f006cb93ed40eec16,0.05659084426801587,0.31643760398869025,0.6269715517432939
2017,12,58504f4f006cb93ed40eec01,0.12409077424627951,0.2604214871467453,0.6154877386069753
2017,12,58504f4f006cb93ed40eec03,0.12356363572697328,0.17315845795614326,0.7032779063168835
2017,12,58504f4f006cb93ed40eec15,0.05652594704255546,0.1785429588020106,0.7649310941554339
2017,12,58504f4f006cb93ed40eec04,0.036704140932248476,0.16383078354382755,0.7994650755239241
2017,12,58504f4f006cb93ed40eec05,0.0288351264344084,0.2046305449112638,0.7665343286543278
2017,12,58504f4f006cb93ed40eec06,0.08502386558245129,0.17431275674527252,0.7406633776722762
2017,12,58504f4f006cb93ed40eec10,0.03410070673902708,0.11887109010915714,0.8470282031518158
2017,12,58504f4f006cb93ed40eec08,0.1449084582493092,0.29498220740491937,0.5601093343457715
2017,12,58504f4f006cb93ed40eec09,0.04265777983257988,0.17428374386039863,0.7830584763070214
2017,12,58504f4f006cb93ed40eec0a,0.11966087064238341,0.20322185624124672,0.6771172731163699
2017,12,58504f4f006cb93ed40eec0c,0.0751090992578816,0.23057060699250148,0.6943202937496169
2017,12,58504f4f006cb93ed40eec0b,0.05137460893941434,0.16149780763207194,0.7871275834285137
2017,12,58504f4f006cb93ed40eec12,0.07221393035064018,0.15872482869100607,0.7690612409583537
2017,12,58504f4f006cb93ed40eec0e,0.05697209165821724,0.1143950687187124,0.8286328396230703
2017,12,58504f4f006cb93ed40eec0f,0.04374954193585896,0.12458734944233558,0.8316631086218055
2017,12,58504f4f006cb93ed40eec13,0.07128409277253892,0.15455210161547853,0.7741638056119826
2017,12,58504f4f006cb93ed40eec14,0.06257770279240867,0.17525926015341153,0.7621630370541798
2017,12,58504f4f006cb93ed40eec17,0.09686903507938166,0.2687151780905181,0.6344157868301002
2017,12,58504f4f006cb93ed40eec18,0.05702388296876539,0.22608182634391824,0.7168942906873164
2017,12,58504f4f006cb93ed40eec19,0.09558369461380124,0.16808525502501126,0.7363310503611875
2017,12,58504f4f006cb93ed40eec1c,0.10961255434825544,0.30754511690876507,0.5828423287429795
2017,12,58504f4f006cb93ed40eec1d,0.0325193822089902,0.3807362526843752,0.5867443651066345
2017,12,58504f4f006cb93ed40eec1a,0.09282115432415132,0.2327695826599005,0.6744092630159482
2017,12,58504f4f006cb93ed40eec1b,0.042048050296360426,0.2839076762717767,0.6740442734318628
2017,12,58504f4f006cb93ed40eec1e,0.07569526157804131,0.31873572157792246,0.6055690168440362
2018,1,58504f4f006cb93ed40eebfd,0.08351549935397556,0.2780633108883347,0.6384211897576897
2018,1,58504f4f006cb93ed40eebfe,0.15311671607075492,0.2572919981001518,0.5895912858290933
2018,1,58504f4f006cb93ed40eebff,0.09746336066229289,0.16883468529364143,0.7337019540440657
2018,1,58504f4f006cb93ed40eec00,0.11798439216355593,0.2279946878187432,0.6540209200177008
2018,1,58504f4f006cb93ed40eec02,0.09698578679303074,0.2714462444865898,0.6315679687203795
2018,1,58504f4f006cb93ed40eec07,0.05552877486700436,0.26206030206998865,0.682410923063007
2018,1,58504f4f006cb93ed40eec0d,0.06611849333722623,0.3123731718463135,0.6215083348164603
2018,1,58504f4f006cb93ed40eec11,0.12518787257787425,0.16901451112179605,0.7057976163003297
2018,1,58504f4f006cb93ed40eec16,0.08290868706477157,0.25621641942813617,0.6608748935070924
2018,1,58504f4f006cb93ed40eec01,0.14807462434689614,0.2987962402377262,0.5531291354153776
2018,1,58504f4f006cb93ed40eec03,0.1352354002335412,0.22631704147931386,0.638447558287145
2018,1,58504f4f006cb93ed40eec15,0.059937120161191605,0.14949188405631164,0.7905709957824968
2018,1,58504f4f006cb93ed40eec04,0.09832923274540108,0.11923247954739999,0.7824382877071989
2018,1,58504f4f006cb93ed40eec05,0.10371702324744064,0.1794259595821658,0.7168570171703935
2018,1,58504f4f006cb93ed40eec06,0.07812378106216324,0.26937462151416525,0.6525015974236716
2018,1,58504f4f006cb93ed40eec10,0.08786222436635209,0.19982417117137102,0.7123136044622769
2018,1,58504f4f006cb93ed40eec08,0.12468483602427707,0.17039834321873223,0.7049168207569907
2018,1,58504f4f006cb93ed40eec09,0.10661895935044714,0.24225604678951712,0.65112499386003575
2018,1,58504f4f006cb93ed40eec0a,0.09287437056257865,0.1063613573841547,0.8007642720532666
2018,1,58504f4f006cb93ed40eec0c,0.07201153313641381,0.17565127415338286,0.7523371927102034
2018,1,58504f4f006cb93ed40eec0b,0.11537896842872901,0.2083213475570921,0.6762996840141788
2018,1,58504f4f006cb93ed40eec12,0.14124543375949,0.2214968188646093,0.6372577473759007
2018,1,58504f4f006cb93ed40eec0e,0.058208571787906484,0.23347513309901,0.7083162951130835
2018,1,58504f4f006cb93ed40eec0f,0.0870432052023238,0.29279888390587383,0.6201579108918024
2018,1,58504f4f006cb93ed40eec13,0.10660987626715675,0.18942492398023195,0.7039651997526113
2018,1,58504f4f006cb93ed40eec14,0.06630025256459862,0.26619053084530253,0.6675092165900989
2018,1,58504f4f006cb93ed40eec17,0.1462096754286836,0.15220678265209373,0.7015835419192227
2018,1,58504f4f006cb93ed40eec18,0.12294628124510121,0.1417930122503669,0.7352607065045319
2018,1,58504f4f006cb93ed40eec19,0.09121614167457262,0.23979603294021323,0.6689878253852142
2018,1,58504f4f006cb93ed40eec1c,0.09262418891426348,0.23554766171881064,0.6718281493669258
2018,1,58504f4f006cb93ed40eec1d,0.10665083413709306,0.16367664194805515,0.7296725239148517
2018,1,58504f4f006cb93ed40eec1a,0.11126579482634985,0.35668184387496654,0.5320523612986836
2018,1,58504f4f006cb93ed40eec1b,0.06782693597929468,0.34251076315958234,0.5896623008611229
2018,1,58504f4f006cb93ed40eec1e,0.07069918983638294,0.25033356354605585,0.6789672466175611
2017,8,58504f4f006cb93ed40eebfd,0.3247884360161796,0.2940987878550644,0.38111277612875605
2017,8,58504f4f006cb93ed40eebfe,0.3758198872895553,0.1883885192298207,0.435791593480624
2017,8,58504f4f006cb93ed40eebff,0.32081187629897534,0.3364522152871473,0.34273590841387735
2017,8,58504f4f006cb93ed40eec00,0.3077398311355807,0.34475406706269607,0.34750610180172326
2017,8,58504f4f006cb93ed40eec02,0.37464455900618,0.3066314038268302,0.3187240371669898
2017,8,58504f4f006cb93ed40eec07,0.3010777171259795,0.4062795494060858,0.2926427334679347
2017,8,58504f4f006cb93ed40eec0d,0.3867864713090114,0.2735022905404499,0.3397112381505387
2017,8,58504f4f006cb93ed40eec11,0.29436795211330524,0.4091963397335604,0.29643570815313436
2017,8,58504f4f006cb93ed40eec16,0.41260093247155327,0.31802406180903253,0.2693750057194142
2017,8,58504f4f006cb93ed40eec01,0.385497579602187,0.30707423710027903,0.30742818329753396
2017,8,58504f4f006cb93ed40eec03,0.2988875725921336,0.377772725358653,0.32333970204921336
2017,8,58504f4f006cb93ed40eec15,0.34644600216783394,0.3929718013187691,0.260582196513397
2017,8,58504f4f006cb93ed40eec04,0.34058669749909515,0.3532474908056555,0.3061658116952495
2017,8,58504f4f006cb93ed40eec05,0.37863162190674843,0.30309087410711216,0.3182775039861394
2017,8,58504f4f006cb93ed40eec06,0.4194503623220102,0.24901077970501234,0.33153885797297744
2017,8,58504f4f006cb93ed40eec10,0.42516909773499123,0.27740971359597544,0.29742118866903333
2017,8,58504f4f006cb93ed40eec08,0.35251362329186603,0.2620995299055207,0.38538684680261326
2017,8,58504f4f006cb93ed40eec09,0.3798654965765684,0.3227644022115868,0.2973701012118448
2017,8,58504f4f006cb93ed40eec0a,0.37236749927504603,0.26634282913809254,0.3612896715868614
2017,8,58504f4f006cb93ed40eec0c,0.3804916175585739,0.38725723421006536,0.23225114823136075
2017,8,58504f4f006cb93ed40eec0b,0.38598361326855896,0.33557308195933905,0.278443304772102
2017,8,58504f4f006cb93ed40eec12,0.4159611327210147,0.3058060218368302,0.2782328454421551
2017,8,58504f4f006cb93ed40eec0e,0.3421087589104357,0.42284113782316424,0.23505010326640008
2017,8,58504f4f006cb93ed40eec0f,0.35775714499458483,0.3702737985590365,0.2719690564463787
2017,8,58504f4f006cb93ed40eec13,0.47788841308783625,0.2548811476505395,0.26723043926162426
2017,8,58504f4f006cb93ed40eec14,0.3567571821185044,0.33485543626583214,0.3083873816156635
2017,8,58504f4f006cb93ed40eec17,0.3601289948778523,0.3669123029357293,0.2729587021864184
2017,8,58504f4f006cb93ed40eec18,0.3734890786185149,0.3323001838955705,0.29421073748591464
2017,8,58504f4f006cb93ed40eec19,0.3012482242132136,0.3395613721477676,0.3591904036390188
2017,8,58504f4f006cb93ed40eec1c,0.4354626345327725,0.2538647138089985,0.310672651658229
2017,8,58504f4f006cb93ed40eec1d,0.33100008920719826,0.3951430011624511,0.2738569096303507
2017,8,58504f4f006cb93ed40eec1a,0.2988127279690447,0.3753057337647243,0.325881538266231
2017,8,58504f4f006cb93ed40eec1b,0.28015921515552006,0.36937315366176554,0.3504676311827144
2017,8,58504f4f006cb93ed40eec1e,0.358636106410162,0.25497343491678265,0.3863904586730553
2017,9,58504f4f006cb93ed40eebfd,0.38944549078986623,0.287378948521115,0.3231755606890188
2017,9,58504f4f006cb93ed40eebfe,0.3511515355006315,0.34309419930244067,0.30575426519692783
2017,9,58504f4f006cb93ed40eebff,0.3963632142593375,0.3222446845011034,0.28139210123955916
2017,9,58504f4f006cb93ed40eec00,0.43752653181715107,0.33150342170537317,0.23097004647747574
2017,9,58504f4f006cb93ed40eec02,0.4600384963681071,0.28737355957376676,0.2525879440581261
2017,9,58504f4f006cb93ed40eec07,0.4268149599653983,0.26134271231068107,0.3118423277239206
2017,9,58504f4f006cb93ed40eec0d,0.4882534546839076,0.22228317628760685,0.2894633690284856
2017,9,58504f4f006cb93ed40eec11,0.40024914379302634,0.37740290476718824,0.22234795143978536
2017,9,58504f4f006cb93ed40eec16,0.4785777211812515,0.2815121629803999,0.23991011583834854
2017,9,58504f4f006cb93ed40eec01,0.46348944333421394,0.2395960327999709,0.2969145238658152
2017,9,58504f4f006cb93ed40eec03,0.3966307198176971,0.3151767073353821,0.2881925728469208
2017,9,58504f4f006cb93ed40eec15,0.4380298909481018,0.3140432054048871,0.2479269036470111
2017,9,58504f4f006cb93ed40eec04,0.5231946482508728,0.18875052707642592,0.28805482467270127
2017,9,58504f4f006cb93ed40eec05,0.43981052852131486,0.3422666043303063,0.21792286714837883
2017,9,58504f4f006cb93ed40eec06,0.43030565719618685,0.262804395713261,0.3068899470905522
2017,9,58504f4f006cb93ed40eec10,0.46536265910348384,0.29848462514967433,0.23615271574684182
2017,9,58504f4f006cb93ed40eec08,0.46191549375605456,0.13073960461614298,0.40734490162780246
2017,9,58504f4f006cb93ed40eec09,0.4219114242424828,0.3282148601037459,0.2498737156537714
2017,9,58504f4f006cb93ed40eec0a,0.4622785695403024,0.23346942003931265,0.30425201042038497
2017,9,58504f4f006cb93ed40eec0c,0.5537055036420985,0.2388248445403106,0.20746965181759092
2017,9,58504f4f006cb93ed40eec0b,0.44673494256343665,0.3220536712040028,0.23121138623256055
2017,9,58504f4f006cb93ed40eec12,0.4842677494826152,0.282955543162765,0.23277670735461986
2017,9,58504f4f006cb93ed40eec0e,0.39787662933102885,0.33326418264906843,0.2688591880199027
2017,9,58504f4f006cb93ed40eec0f,0.428769221382977,0.333893143043565,0.237337635573458
2017,9,58504f4f006cb93ed40eec13,0.46013384365486393,0.3544411803581184,0.18542497598701768
2017,9,58504f4f006cb93ed40eec14,0.4441160991791151,0.28194806552501467,0.2739358352958702
2017,9,58504f4f006cb93ed40eec17,0.27123227051940924,0.3567483760843302,0.37201935339626063
2017,9,58504f4f006cb93ed40eec18,0.48982593653450235,0.26533899481538475,0.24483506865011287
2017,9,58504f4f006cb93ed40eec19,0.31912269751042166,0.31649620358362995,0.3643810989059484
2017,9,58504f4f006cb93ed40eec1c,0.31229975916930086,0.3445183722154946,0.3431818686152045
2017,9,58504f4f006cb93ed40eec1d,0.44383870286043875,0.17625458966993976,0.3799067074696215
2017,9,58504f4f006cb93ed40eec1a,0.3711527666927384,0.2922454762925653,0.33660175701469636
2017,9,58504f4f006cb93ed40eec1b,0.40162600943516713,0.26889606786408127,0.3294779227007516
2017,9,58504f4f006cb93ed40eec1e,0.3989606413638738,0.259920889099344,0.34111846953678215
2017,10,58504f4f006cb93ed40eebfd,0.3554599965711216,0.3402060352316948,0.3043339681971836
2017,10,58504f4f006cb93ed40eebfe,0.33945140649065997,0.24929035320922743,0.4112582403001126
2017,10,58504f4f006cb93ed40eebff,0.2548206365339277,0.4408827813407255,0.3042965821253467
2017,10,58504f4f006cb93ed40eec00,0.249726744903972,0.45505002717678955,0.2952232279192385
2017,10,58504f4f006cb93ed40eec02,0.2467070582286982,0.4592342256252031,0.2940587161460987
2017,10,58504f4f006cb93ed40eec07,0.2776080534108308,0.3662995743889433,0.35609237220022594
2017,10,58504f4f006cb93ed40eec0d,0.347162306768726,0.2963937615713852,0.35644393165988886
2017,10,58504f4f006cb93ed40eec11,0.2820682125650966,0.49714574379516585,0.22078604363973753
2017,10,58504f4f006cb93ed40eec16,0.33495993649921907,0.23058437360505746,0.43445568989572353
2017,10,58504f4f006cb93ed40eec01,0.36788529700207834,0.3205711516506324,0.3115435513472893
2017,10,58504f4f006cb93ed40eec03,0.3283051184403875,0.2967822226324901,0.37491265892712233
2017,10,58504f4f006cb93ed40eec15,0.2986264446103354,0.2936692136103206,0.407704341779344
2017,10,58504f4f006cb93ed40eec04,0.32243143010742725,0.33643557708845917,0.3411329928041135
2017,10,58504f4f006cb93ed40eec05,0.27026433952531514,0.4023696161571417,0.32736604431754324
2017,10,58504f4f006cb93ed40eec06,0.32025512226863156,0.28223184962557907,0.39751302810578937
2017,10,58504f4f006cb93ed40eec10,0.33505562490415114,0.19934382360415415,0.46560055149169466
2017,10,58504f4f006cb93ed40eec08,0.3443976588183201,0.29293783899592307,0.36266450218575685
2017,10,58504f4f006cb93ed40eec09,0.294693603317011,0.3615309482124992,0.3437754484704898
2017,10,58504f4f006cb93ed40eec0a,0.33539023780918753,0.2364592316261327,0.4281505305646797
2017,10,58504f4f006cb93ed40eec0c,0.3583830763089796,0.2566693142195827,0.3849476094714377
2017,10,58504f4f006cb93ed40eec0b,0.2846050660676537,0.4221927933971127,0.29320214053523364
2017,10,58504f4f006cb93ed40eec12,0.3146509101597997,0.3065654771433825,0.3787836126968178
2017,10,58504f4f006cb93ed40eec0e,0.31188299828285293,0.22278322392092298,0.46533377779622415
2017,10,58504f4f006cb93ed40eec0f,0.3288712378915737,0.38501339203885565,0.28611537006957066
2017,10,58504f4f006cb93ed40eec13,0.3477345176963528,0.337581974597372,0.3146835077062752
2017,10,58504f4f006cb93ed40eec14,0.32991178490641865,0.2684211762458177,0.40166703884776367
2017,10,58504f4f006cb93ed40eec17,0.30674045991710885,0.29945811467327366,0.3938014254096175
2017,10,58504f4f006cb93ed40eec18,0.2593283943853193,0.38079335213219645,0.35987825348248426
2017,10,58504f4f006cb93ed40eec19,0.37788240207988205,0.2460095939662027,0.3761080039539153
2017,10,58504f4f006cb93ed40eec1c,0.3025568704712155,0.3131890564171683,0.3842540731116162
2017,10,58504f4f006cb93ed40eec1d,0.33992402346282397,0.2786913328220409,0.38138464371513514
2017,10,58504f4f006cb93ed40eec1a,0.2905055584380423,0.42405613865163727,0.28543830291032035
2017,10,58504f4f006cb93ed40eec1b,0.29801480679063463,0.27928662505802426,0.4226985681513411
2017,10,58504f4f006cb93ed40eec1e,0.3324811567674326,0.3411871205735372,0.3263317226590302
2017,11,58504f4f006cb93ed40eebfd,0.31571391513057523,0.2565233694992376,0.4277627153701872
2017,11,58504f4f006cb93ed40eebfe,0.2874736315519364,0.38382286962147405,0.32870349882658956
2017,11,58504f4f006cb93ed40eebff,0.2857397677055674,0.35597253133201706,0.3582877009624156
2017,11,58504f4f006cb93ed40eec00,0.2688646872672438,0.4114016619573123,0.3197336507754439
2017,11,58504f4f006cb93ed40eec02,0.26990465935482244,0.42372814390701374,0.3063671967381638
2017,11,58504f4f006cb93ed40eec07,0.2348580885228113,0.4887617929104625,0.2763801185667262
2017,11,58504f4f006cb93ed40eec0d,0.29880344019786387,0.30325839975596947,0.39793816004616667
2017,11,58504f4f006cb93ed40eec11,0.21473967519158926,0.4833435104895723,0.30191681431883843
2017,11,58504f4f006cb93ed40eec16,0.2384099439408228,0.46513156533475053,0.29645849072442665
2017,11,58504f4f006cb93ed40eec01,0.356462557666013,0.3357036453000777,0.30783379703390934
2017,11,58504f4f006cb93ed40eec03,0.2687868944591673,0.35612266126729397,0.37509044427353877
2017,11,58504f4f006cb93ed40eec15,0.2552758624688428,0.4376981528859049,0.3070259846452522
2017,11,58504f4f006cb93ed40eec04,0.30314459869988597,0.33005799311081796,0.36679740818929607
2017,11,58504f4f006cb93ed40eec05,0.2253239459082995,0.4186458101927929,0.3560302438989076
2017,11,58504f4f006cb93ed40eec06,0.28522885417703125,0.32334572602580536,0.3914254197971634
2017,11,58504f4f006cb93ed40eec10,0.23156143520488587,0.37649170027915274,0.3919468645159614
2017,11,58504f4f006cb93ed40eec08,0.3174984335971985,0.3808883798478723,0.3016131865549292
2017,11,58504f4f006cb93ed40eec09,0.2979697157903961,0.44767346849797873,0.25435681571162516
2017,11,58504f4f006cb93ed40eec0a,0.3825709474950321,0.28909302357503786,0.3283360289299301
2017,11,58504f4f006cb93ed40eec0c,0.26582084711294096,0.3850902259983792,0.3490889268886799
2017,11,58504f4f006cb93ed40eec0b,0.32381890772428984,0.28570933518410335,0.3904717570916068
2017,11,58504f4f006cb93ed40eec12,0.2586890210428596,0.26540652207094306,0.4759044568861973
2017,11,58504f4f006cb93ed40eec0e,0.2762311218941468,0.45940020759904265,0.26436867050681057
2017,11,58504f4f006cb93ed40eec0f,0.32192958475024447,0.3963770991914027,0.2816933160583528
2017,11,58504f4f006cb93ed40eec13,0.3430536788426269,0.3193603803384453,0.3375859408189278
2017,11,58504f4f006cb93ed40eec14,0.29146480986841494,0.28056728011626275,0.42796791001532225
