dssat_API/crop_setups/base_data/harvested_area_maize_ethiopia.asc
NCOLS 180 
NROWS 138 
XLLCORNER 32.999148 
YLLCORNER 3.417013 
CELLSIZE 0.083333 
NODATA_value -9999 
[rows 38 to 75 of 138, columns 0 to 84 of 180]
-9999 -9999 -9999 -9999 -9999 -9999 -9999 -9999 -9999 -9999 -9999 -9999 -9999 -9999 -9999 -9999 -9999 -9999 -9999 -9999 -9999 -9999 -9999 -9999 -9999 7 1 4 8 6 0 -9999 -9999 -9999 -9999 9 28 131 109 6 7 12 52 174 232 202 1096 1410 1487 1744 1489 1526 -9999 1531 370 327 297 238 258 261 294 338 -9999 -9999 -9999 -9999 229 113 248 270 309 119 -9999 -9999 -9999 -9999 122 -9999 34 70 71 -9999 -9999 -9999 0
-9999 -9999 -9999 -9999 -9999 -9999 -9999 -9999 -9999 -9999 -9999 -9999 -9999 -9999 -9999 -9999 -9999 -9999 -9999 -9999 -9999 -9999 -9999 -9999 -9999 0 -9999 1 0 -9999 0 -9999 -9999 0 1 -9999 12 16 31 36 10 44 148 183 1294 1428 1729 1907 2013 2012 2066 1810 -9999 1735 290 419 421 396 435 369 452 443 -9999 346 421 411 406 281 139 265 332 276 -9999 160 -9999 116 45 48 20 68 146 1 -9999 -9999 0
-9999 -9999 -9999 -9999 -9999 -9999 -9999 -9999 -9999 -9999 -9999 -9999 -9999 -9999 -9999 -9999 -9999 -9999 -9999 -9999 -9999 -9999 -9999 -9999 -9999 -9999 0 0 -9999 -9999 -9999 -9999 -9999 4 0 -9999 -9999 26 32 20 34 131 212 929 827 1294 1708 1910 1927 2176 1990 1487 1699 1383 244 224 433 333 366 374 374 428 253 253 310 256 202 215 172 120 163 251 218 236 118 29 33 31 -9999 41 100 83 8 0 0
-9999 -9999 -9999 -9999 -9999 -9999 -9999 -9999 -9999 -9999 -9999 -9999 -9999 -9999 -9999 -9999 -9999 -9999 -9999 -9999 -9999 -9999 -9999 -9999 -9999 0 0 -9999 0 -9999 -9999 1 1 1 -9999 13 23 130 267 58 47 200 413 898 1138 1256 1776 1757 1800 1958 1853 1502 1361 1105 1011 1005 169 229 357 388 274 442 388 388 244 207 219 201 148 246 297 264 197 60 33 42 47 49 40 109 87 104 89 10 7
-9999 -9999 -9999 -9999 -9999 -9999 -9999 -9999 -9999 -9999 -9999 -9999 -9999 -9999 -9999 -9999 -9999 -9999 -9999 -9999 -9999 -9999 -9999 -9999 -9999 -9999 -9999 0 -9999 0 0 0 3 1 30 84 31 117 127 141 125 115 272 1252 516 880 2037 1837 1935 1877 1534 1692 1820 1741 1186 1111 195 175 420 386 173 328 422 455 184 251 175 249 89 116 186 57 52 79 100 75 77 65 48 71 63 27 31 -9999 -9999
-9999 -9999 -9999 -9999 -9999 -9999 -9999 -9999 -9999 -9999 -9999 -9999 -9999 -9999 -9999 -9999 -9999 -9999 -9999 -9999 -9999 -9999 -9999 -9999 0 -9999 -9999 -9999 0 0 0 2 3 21 90 90 57 44 169 170 229 311 894 742 722 889 1033 1725 1819 1943 1542 1803 2093 1504 1368 1198 873 101 250 211 109 363 184 414 343 101 148 110 47 128 84 78 157 107 119 122 98 78 42 45 53 9 -9999 -9999 -9999
-9999 -9999 -9999 -9999 -9999 -9999 -9999 -9999 -9999 -9999 -9999 -9999 -9999 -9999 -9999 -9999 -9999 -9999 -9999 -9999 -9999 -9999 -9999 -9999 -9999 -9999 -9999 -9999 -9999 -9999 -9999 1 32 26 31 27 41 53 93 189 348 321 720 820 794 840 1060 989 1711 1691 1723 1660 1592 1562 1341 1316 1126 731 191 80 83 87 115 172 305 112 244 78 71 74 165 217 220 187 88 144 93 64 41 41 20 10 -9999 -9999 -9999
-9999 -9999 -9999 -9999 -9999 -9999 -9999 -9999 -9999 -9999 -9999 -9999 -9999 -9999 -9999 -9999 -9999 -9999 -9999 -9999 -9999 -9999 -9999 -9999 -9999 -9999 -9999 -9999 0 -9999 -9999 1 12 29 10 20 45 62 51 93 255 354 387 1004 910 1373 1675 1500 1220 2142 1617 1536 808 1488 1338 1534 -9999 -9999 751 227 172 167 213 351 168 146 59 61 54 88 180 187 -9999 -9999 -9999 148 84 63 57 25 35 14 75 -9999 -9999
-9999 -9999 -9999 -9999 -9999 -9999 -9999 -9999 -9999 -9999 -9999 -9999 -9999 -9999 -9999 -9999 -9999 -9999 -9999 -9999 -9999 -9999 -9999 -9999 -9999 -9999 -9999 -9999 -9999 -9999 4 26 12 23 31 16 39 30 33 91 242 389 627 915 686 1091 1272 1088 1093 1779 1316 1741 1612 1093 889 1415 905 -9999 907 873 -9999 289 -9999 601 143 0 51 42 99 139 175 114 -9999 -9999 -9999 -9999 -9999 -9999 52 31 34 21 24 30 -9999
-9999 -9999 -9999 -9999 -9999 -9999 -9999 -9999 -9999 -9999 -9999 -9999 -9999 -9999 -9999 -9999 -9999 -9999 -9999 -9999 -9999 -9999 -9999 -9999 -9999 -9999 -9999 -9999 -9999 -9999 7 56 73 42 32 34 36 49 70 156 235 452 582 740 641 1085 1201 934 1136 1902 1553 1557 927 787 920 946 1067 498 817 618 734 708 527 -9999 169 383 86 51 158 133 -9999 -9999 -9999 -9999 -9999 -9999 -9999 -9999 -9999 44 35 45 20 9 33
-9999 -9999 -9999 -9999 -9999 -9999 -9999 -9999 -9999 -9999 -9999 -9999 -9999 -9999 -9999 -9999 -9999 -9999 -9999 -9999 -9999 -9999 -9999 7 -9999 -9999 -9999 -9999 -9999 -9999 -9999 28 80 41 23 19 71 62 138 280 597 556 656 617 789 1180 1445 1197 1186 2158 1865 1544 1011 915 805 807 313 533 886 672 900 1048 855 911 828 -9999 111 100 116 -9999 -9999 -9999 -9999 -9999 -9999 -9999 -9999 -9999 -9999 73 28 -9999 18 -9999 -9999
-9999 -9999 -9999 -9999 -9999 -9999 -9999 -9999 -9999 -9999 -9999 -9999 -9999 -9999 -9999 -9999 -9999 -9999 -9999 -9999 -9999 -9999 -9999 -9999 1 -9999 -9999 -9999 4 5 9 31 23 54 42 35 36 54 188 298 1122 585 655 602 597 734 953 1100 1055 1778 1667 1391 980 906 728 570 -9999 -9999 -9999 -9999 725 719 506 -9999 -9999 -9999 107 90 167 164 175 162 155 115 -9999 -9999 -9999 104 105 102 33 -9999 -9999 -9999 -9999
-9999 -9999 -9999 -9999 -9999 -9999 -9999 -9999 -9999 -9999 -9999 -9999 -9999 -9999 -9999 -9999 -9999 -9999 -9999 -9999 -9999 -9999 -9999 -9999 -9999 7 1 -9999 23 26 52 76 79 57 61 28 76 183 275 272 756 513 706 640 570 541 750 1204 1093 1274 1153 1089 850 837 648 598 102 -9999 -9999 -9999 -9999 605 724 -9999 -9999 -9999 94 92 164 164 195 114 90 175 137 150 172 135 112 139 -9999 -9999 -9999 -9999 -9999
-9999 -9999 -9999 -9999 -9999 -9999 -9999 -9999 -9999 -9999 -9999 -9999 -9999 -9999 -9999 -9999 9 -9999 -9999 -9999 -9999 -9999 -9999 0 -9999 3 2 0 -9999 1 61 129 453 107 90 113 131 325 337 156 512 492 628 502 604 573 1246 1044 1169 1412 1280 978 933 866 322 214 81 -9999 -9999 -9999 482 780 825 564 -9999 303 89 96 80 147 134 134 193 206 163 167 150 133 147 171 -9999 -9999 -9999 -9999 -9999
-9999 -9999 -9999 -9999 -9999 -9999 -9999 -9999 -9999 -9999 -9999 -9999 -9999 -9999 -9999 -9999 -9999 -9999 -9999 -9999 2 0 8 -9999 -9999 -9999 1 -9999 -9999 0 10 86 250 269 421 351 249 239 247 59 136 150 293 338 570 703 1326 1110 1320 1079 862 807 668 832 453 455 319 135 -9999 474 543 655 593 -9999 17 -9999 84 139 148 107 117 200 184 114 97 143 170 134 115 -9999 -9999 37 -9999 -9999 -9999
-9999 -9999 -9999 -9999 -9999 -9999 -9999 -9999 -9999 -9999 -9999 -9999 -9999 -9999 -9999 -9999 -9999 -9999 -9999 10 -9999 -9999 27 7 -9999 -9999 -9999 -9999 -9999 -9999 -9999 62 113 143 405 419 278 257 163 50 59 48 228 419 898 612 1026 1090 1197 1079 957 903 -9999 514 548 412 458 544 573 410 362 516 457 509 646 -9999 85 135 116 107 109 120 102 85 167 132 167 102 101 108 77 -9999 -9999 -9999 -9999
-9999 -9999 -9999 -9999 -9999 -9999 -9999 -9999 -9999 -9999 -9999 -9999 -9999 -9999 -9999 -9999 -9999 -9999 26 15 44 50 55 9 0 -9999 -9999 1 -9999 -9999 -9999 19 38 46 141 350 112 337 204 49 66 33 92 426 483 424 526 560 909 915 1023 -9999 942 674 676 746 573 634 802 701 746 613 415 606 -9999 -9999 84 56 20 95 115 126 162 133 164 158 161 150 -9999 -9999 -9999 -9999 -9999 -9999 -9999
-9999 -9999 -9999 -9999 -9999 -9999 -9999 -9999 -9999 -9999 -9999 -9999 -9999 -9999 -9999 -9999 -9999 20 53 48 47 83 200 70 14 77 -9999 3 -9999 -9999 -9999 6 1 26 23 57 31 197 143 85 24 65 43 21 132 98 63 73 396 -9999 -9999 561 776 476 549 716 568 598 783 740 713 750 734 -9999 -9999 -9999 18 18 15 8 -9999 -9999 -9999 294 136 135 180 174 -9999 -9999 -9999 -9999 -9999 -9999 -9999
-9999 -9999 -9999 -9999 -9999 -9999 -9999 -9999 -9999 -9999 -9999 -9999 -9999 -9999 -9999 -9999 -9999 48 113 88 135 185 175 145 91 206 35 11 -9999 -9999 -9999 2 2 11 19 22 29 89 95 33 42 190 187 140 199 295 195 286 168 213 -9999 -9999 519 -9999 -9999 611 -9999 656 952 771 742 656 598 152 124 18 16 75 55 11 -9999 -9999 -9999 -9999 78 -9999 194 175 118 -9999 -9999 46 -9999 -9999 -9999
-9999 -9999 -9999 -9999 -9999 -9999 -9999 -9999 -9999 -9999 -9999 -9999 -9999 -9999 -9999 -9999 -9999 73 223 130 190 191 209 157 169 181 156 22 -9999 -9999 -9999 -9999 6 0 8 26 35 29 23 40 260 446 336 241 322 424 728 701 476 546 106 150 -9999 -9999 -9999 -9999 774 888 1006 -9999 -9999 -9999 -9999 188 19 39 70 17 12 12 -9999 -9999 -9999 -9999 -9999 -9999 200 146 156 -9999 -9999 11 -9999 11 -9999
-9999 -9999 -9999 -9999 -9999 -9999 -9999 -9999 -9999 -9999 -9999 -9999 -9999 -9999 -9999 -9999 9 66 158 12 185 162 127 221 232 163 128 66 -9999 -9999 -9999 -9999 8 4 7 9 9 34 200 335 359 609 426 508 501 428 553 755 822 257 109 158 564 735 170 -9999 735 666 -9999 -9999 -9999 -9999 20 58 42 19 14 13 -9999 -9999 -9999 -9999 217 -9999 -9999 -9999 125 154 142 193 99 -9999 -9999 8 -9999
-9999 -9999 -9999 -9999 -9999 -9999 -9999 -9999 -9999 -9999 -9999 -9999 -9999 -9999 -9999 -9999 45 154 266 342 227 152 220 793 223 299 162 51 -9999 -9999 2 15 9 16 18 13 17 111 589 503 643 770 806 758 655 595 692 727 1169 918 302 160 153 336 404 -9999 -9999 -9999 708 611 22 26 67 58 79 69 73 16 10 -9999 -9999 -9999 -9999 -9999 286 -9999 157 162 169 155 53 -9999 -9999 -9999 -9999
-9999 -9999 -9999 -9999 -9999 -9999 -9999 -9999 -9999 -9999 -9999 -9999 -9999 -9999 -9999 -9999 2 103 159 130 245 207 260 1074 511 451 330 282 54 -9999 26 31 17 14 16 14 17 63 749 817 805 911 929 890 584 286 366 482 1356 1203 404 231 561 271 382 818 -9999 -9999 486 430 26 24 76 88 101 97 97 63 10 10 -9999 -9999 -9999 275 282 179 183 175 181 164 -9999 -9999 -9999 -9999 -9999
-9999 -9999 -9999 -9999 -9999 -9999 -9999 -9999 -9999 -9999 -9999 -9999 -9999 -9999 -9999 23 8 62 76 160 232 280 840 493 331 389 418 364 111 26 47 47 19 23 22 12 1 48 477 738 580 639 441 530 277 270 164 427 1243 1164 431 271 531 357 870 711 185 185 360 308 424 28 49 91 88 83 -9999 -9999 -9999 12 308 246 258 298 253 222 205 140 145 168 -9999 -9999 -9999 -9999 -9999
-9999 -9999 -9999 -9999 -9999 -9999 -9999 -9999 -9999 -9999 -9999 -9999 -9999 -9999 8 74 84 168 121 100 288 324 726 578 332 305 420 358 372 144 201 92 27 24 25 8 8 24 100 261 197 258 264 460 339 222 147 309 1164 1432 854 681 361 382 931 517 563 426 255 359 360 37 23 30 75 90 76 -9999 77 63 71 68 255 291 250 71 57 197 191 -9999 -9999 10 20 4 0
-9999 -9999 -9999 -9999 -9999 -9999 -9999 -9999 -9999 -9999 -9999 -9999 -9999 -9999 78 112 213 927 1058 383 309 459 1154 943 472 450 427 394 525 1080 1215 494 52 41 117 79 14 14 63 123 102 285 873 1308 846 402 122 663 1324 1465 632 978 942 618 917 585 558 596 548 789 810 361 309 548 19 45 62 74 76 64 71 62 64 303 77 69 78 276 225 -9999 -9999 -9999 -9999 0 0
-9999 -9999 -9999 -9999 -9999 -9999 -9999 -9999 -9999 -9999 -9999 -9999 -9999 119 164 237 396 449 1164 1320 1014 1034 1043 744 633 461 329 357 431 742 978 601 112 31 190 173 192 46 31 67 148 600 1068 1094 929 620 157 606 1172 941 72 79 785 888 725 817 404 521 520 782 566 617 705 937 333 272 20 17 48 78 79 66 77 71 53 57 273 230 -9999 119 18 -9999 4 0 -9999
-9999 -9999 -9999 -9999 -9999 -9999 -9999 -9999 -9999 -9999 -9999 -9999 -9999 88 165 337 513 1263 1016 719 558 518 882 569 665 484 436 419 459 723 826 739 478 286 395 290 182 51 45 59 99 234 1050 1130 909 709 277 178 601 1001 64 359 935 951 641 468 133 114 327 562 519 457 828 1089 816 277 243 18 26 36 71 74 71 86 72 -9999 -9999 297 -9999 -9999 -9999 -9999 20 0 -9999
-9999 -9999 -9999 -9999 -9999 -9999 -9999 -9999 -9999 -9999 -9999 -9999 -9999 109 173 276 190 1031 758 767 705 678 1137 915 791 586 521 494 556 663 933 1076 488 244 353 314 172 227 275 254 695 890 1254 1148 993 535 263 261 439 989 392 661 1209 918 838 826 308 159 569 1029 1064 580 828 1037 1024 808 362 32 50 35 58 75 108 101 93 -9999 49 -9999 -9999 67 -9999 -9999 18 0 -9999
-9999 -9999 -9999 -9999 -9999 -9999 -9999 -9999 -9999 -9999 -9999 -9999 -9999 -9999 164 145 228 366 798 899 791 612 304 857 882 825 554 530 468 488 582 831 757 412 596 205 225 288 946 840 799 644 862 669 349 246 175 559 748 1148 786 806 1280 445 172 241 183 172 181 820 1041 936 1008 1110 953 -9999 27 216 237 77 -9999 103 116 -9999 44 122 71 -9999 -9999 -9999 -9999 35 2 18 31
-9999 -9999 -9999 -9999 -9999 -9999 -9999 -9999 -9999 -9999 -9999 -9999 -9999 -9999 36 88 402 547 667 746 229 52 423 751 666 673 524 480 647 580 508 531 735 688 590 609 291 223 947 859 587 558 610 674 490 745 936 770 634 863 734 1388 1337 751 512 483 211 198 340 763 -9999 -9999 1027 1068 1217 863 -9999 254 256 157 -9999 -9999 -9999 77 27 42 78 -9999 11 -9999 -9999 -9999 31 -9999 22
-9999 -9999 -9999 -9999 -9999 -9999 -9999 -9999 -9999 -9999 -9999 -9999 -9999 -9999 -9999 -9999 117 444 660 468 244 831 955 383 490 456 500 468 543 565 513 656 528 688 725 374 516 303 1095 783 422 738 679 887 883 1135 1206 981 508 734 687 562 -9999 -9999 1212 1023 204 496 757 -9999 -9999 -9999 476 581 1170 690 815 813 55 -9999 47 69 62 61 13 197 -9999 23 -9999 -9999 44 194 159 89 41
-9999 -9999 -9999 -9999 -9999 -9999 -9999 -9999 -9999 -9999 -9999 -9999 -9999 -9999 -9999 -9999 -9999 25 489 507 697 583 545 571 494 507 504 472 689 607 528 678 428 652 761 405 744 894 768 777 477 1007 1042 1071 1001 1017 1111 855 237 192 469 784 1081 1100 771 764 654 758 1000 974 907 847 956 892 942 575 464 609 -9999 -9999 -9999 59 50 612 331 265 -9999 -9999 -9999 -9999 316 349 228 6 2
-9999 -9999 -9999 -9999 -9999 -9999 -9999 -9999 -9999 -9999 -9999 -9999 -9999 -9999 -9999 -9999 -9999 26 225 485 565 556 642 437 368 430 467 416 678 517 500 838 476 746 541 333 249 367 273 322 631 1023 912 1035 768 846 799 776 576 106 105 237 694 1003 964 1310 1029 1001 965 917 931 1124 1006 1025 1105 784 551 278 -9999 -9999 -9999 783 32 698 545 141 -9999 -9999 -9999 278 130 92 114 194 151
-9999 -9999 -9999 -9999 -9999 -9999 -9999 -9999 -9999 -9999 -9999 -9999 -9999 -9999 -9999 -9999 -9999 -9999 -9999 40 189 149 438 446 577 409 534 440 445 379 450 922 870 728 521 366 93 231 323 485 502 891 1045 1091 751 781 1194 664 524 493 68 221 607 734 961 961 1061 1484 1446 -9999 -9999 422 427 398 399 718 373 319 284 -9999 1155 985 992 1198 911 192 -9999 -9999 -9999 43 47 146 198 532 5
-9999 -9999 -9999 -9999 -9999 -9999 -9999 -9999 -9999 -9999 -9999 -9999 -9999 -9999 0 -9999 -9999 -9999 -9999 58 373 347 381 474 496 481 364 349 464 388 457 536 759 621 532 376 273 296 442 807 426 801 1144 1302 967 829 774 638 600 396 223 191 592 362 680 783 989 -9999 -9999 -9999 -9999 1129 396 376 378 321 347 322 349 935 930 640 806 1062 750 687 -9999 275 38 266 113 229 625 351 336
-9999 -9999 -9999 -9999 -9999 -9999 -9999 -9999 -9999 -9999 -9999 -9999 -9999 -9999 -9999 -9999 3 -9999 -9999 1 356 686 369 471 450 238 224 297 608 621 356 344 318 516 461 947 789 642 772 1058 572 710 1079 1215 823 735 765 596 637 290 111 477 566 845 1087 1226 -9999 464 473 434 269 372 381 349 402 361 347 333 263 812 861 705 865 1033 838 588 523 394 191 134 355 422 370 479 618
-9999 -9999 -9999 -9999 -9999 -9999 -9999 -9999 -9999 -9999 -9999 -9999 -9999 -9999 -9999 -9999 -9999 -9999 -9999 204 761 535 586 540 406 77 187 335 688 714 661 426 355 1136 1105 906 1220 1367 675 1018 591 795 797 852 739 845 239 -9999 375 349 171 491 802 897 792 422 369 447 480 406 386 395 364 334 416 344 329 335 287 977 1188 959 1059 1062 726 639 626 351 141 357 268 366 401 292 406
